247	0.0	0.004	0.386	0.425	0.529	0.0	0.016	0.349	0.378	0.457	0.0	0.0	0.337	0.373	0.484
255	0.0	0.027	0.405	0.436	0.5	0.0	0.017	0.372	0.415	0.486	0.0	0.047	0.427	0.487	0.556
235	0.0	0.411	0.475	0.513	0.606	0.0	0.428	0.5	0.529	0.583	0.0	0.018	0.447	0.476	0.525
918	0.0	0.015	0.42	0.454	0.543	0.0	0.017	0.435	0.465	0.513	0.0	0.017	0.444	0.475	0.512
596	0.0	0.0	0.333	0.361	0.438	0.0	0.016	0.325	0.368	0.429	0.0	0.431	0.484	0.509	0.577
668	0.0	0.0	0.31	0.344	0.4	0.0	0.0	0.289	0.343	0.429	0.0	0.0	0.316	0.348	0.387
804	0.0	0.02	0.243	0.314	0.375	0.0	0.0	0.314	0.333	0.414	0.0	0.021	0.348	0.384	0.464
846	0.0	0.0	0.018	0.222	0.32	0.0	0.022	0.294	0.322	0.357	0.0	0.0	0.023	0.257	0.333
4	0.0	0.0	0.41	0.441	0.5	0.0	0.441	0.472	0.515	0.593	0.0	0.019	0.364	0.408	0.485
793	0.0	0.018	0.436	0.486	0.559	0.0	0.025	0.389	0.409	0.5	0.0	0.019	0.429	0.469	0.581
463	0.0	0.0	0.278	0.306	0.355	0.0	0.026	0.328	0.355	0.423	0.0	0.066	0.354	0.389	0.48
553	0.0	0.015	0.018	0.195	0.256	0.0	0.019	0.301	0.333	0.387	0.0	0.0	0.324	0.387	0.429
174	0.0	0.0	0.32	0.35	0.389	0.0	0.019	0.4	0.444	0.533	0.0	0.103	0.406	0.44	0.517
450	0.0	0.0	0.132	0.278	0.344	0.0	0.201	0.4	0.428	0.458	0.0	0.004	0.315	0.365	0.414
688	0.0	0.453	0.512	0.525	0.6	0.0	0.515	0.541	0.576	0.667	0.0	0.467	0.537	0.553	0.647
900	0.0	0.019	0.425	0.463	0.559	0.0	0.017	0.358	0.402	0.487	0.0	0.018	0.407	0.447	0.514
196	0.0	0.015	0.431	0.455	0.51	0.0	0.537	0.58	0.611	0.683	0.0	0.014	0.462	0.5	0.532
963	0.0	0.042	0.436	0.45	0.545	0.0	0.015	0.413	0.447	0.556	0.0	0.02	0.44	0.473	0.543
471	0.0	0.014	0.407	0.451	0.49	0.0	0.438	0.488	0.525	0.59	0.0	0.122	0.495	0.532	0.575
673	0.0	0.016	0.427	0.449	0.524	0.0	0.118	0.49	0.535	0.585	0.0	0.016	0.463	0.508	0.55
605	0.0	0.176	0.425	0.475	0.559	0.0	0.016	0.443	0.479	0.525	0.0	0.02	0.438	0.488	0.553
902	0.0	0.0	0.404	0.443	0.541	0.0	0.432	0.512	0.548	0.6	0.0	0.232	0.5	0.549	0.629
42	0.0	0.0	0.395	0.425	0.486	0.0	0.016	0.372	0.409	0.5	0.0	0.0	0.353	0.386	0.471
267	0.0	0.015	0.398	0.435	0.5	0.0	0.405	0.469	0.5	0.529	0.0	0.0	0.391	0.432	0.514
157	0.0	0.029	0.442	0.478	0.535	0.0	0.0	0.37	0.404	0.49	0.0	0.035	0.475	0.512	0.535
217	0.0	0.014	0.365	0.408	0.548	0.0	0.015	0.438	0.477	0.524	0.0	0.015	0.466	0.489	0.537
470	0.0	0.016	0.446	0.479	0.545	0.0	0.003	0.402	0.442	0.5	0.0	0.033	0.495	0.524	0.585
677	0.0	0.367	0.444	0.457	0.525	0.0	0.032	0.457	0.492	0.548	0.0	0.114	0.479	0.519	0.558
262	0.0	0.014	0.442	0.479	0.524	0.0	0.515	0.568	0.6	0.659	0.0	0.469	0.5	0.538	0.59
270	0.0	0.016	0.478	0.511	0.605	0.0	0.369	0.521	0.553	0.634	0.0	0.446	0.49	0.539	0.571
341	0.0	0.004	0.126	0.288	0.324	0.0	0.0	0.308	0.324	0.394	0.0	0.162	0.406	0.424	0.5
792	0.0	0.004	0.243	0.314	0.375	0.0	0.012	0.297	0.319	0.433	0.0	0.0	0.271	0.34	0.406
179	0.0	0.018	0.324	0.378	0.469	0.0	0.018	0.369	0.417	0.483	0.0	0.0	0.394	0.448	0.536
501	0.0	0.012	0.288	0.333	0.359	0.0	0.536	0.577	0.591	0.789	0.0	0.013	0.414	0.467	0.5
115	0.0	0.024	0.405	0.445	0.516	0.0	0.019	0.417	0.444	0.533	0.0	0.016	0.372	0.413	0.515
974	0.0	0.261	0.442	0.479	0.552	0.0	0.021	0.435	0.459	0.567	0.0	0.023	0.406	0.414	0.467
220	0.0	0.019	0.265	0.295	0.361	0.0	0.0	0.441	0.469	0.6	0.0	0.107	0.439	0.485	0.536
273	0.0	0.0	0.25	0.295	0.368	0.0	0.536	0.577	0.591	0.789	0.0	0.0	0.351	0.419	0.455
211	0.0	0.018	0.39	0.429	0.514	0.0	0.016	0.372	0.409	0.514	0.0	0.186	0.45	0.474	0.559
453	0.0	0.029	0.437	0.467	0.524	0.0	0.016	0.473	0.5	0.558	0.0	0.025	0.478	0.511	0.571
371	0.0	0.008	0.422	0.476	0.541	0.0	0.439	0.494	0.538	0.583	0.0	0.019	0.452	0.487	0.526
442	0.0	0.458	0.494	0.526	0.647	0.0	0.223	0.488	0.531	0.579	0.0	0.02	0.483	0.513	0.575
1	0.0	0.004	0.424	0.442	0.487	0.0	0.018	0.425	0.475	0.514	0.0	0.014	0.358	0.412	0.475
872	0.0	0.019	0.432	0.453	0.486	0.0	0.324	0.481	0.539	0.588	0.0	0.015	0.354	0.417	0.476
357	0.0	0.132	0.479	0.523	0.585	0.0	0.017	0.489	0.532	0.6	0.0	0.443	0.505	0.53	0.622
507	0.0	0.015	0.436	0.48	0.568	0.0	0.0	0.429	0.467	0.525	0.0	0.521	0.56	0.605	0.667
395	0.0	0.024	0.471	0.511	0.568	0.0	0.106	0.436	0.476	0.525	0.0	0.447	0.511	0.545	0.59
799	0.0	0.021	0.432	0.462	0.5	0.0	0.0	0.333	0.382	0.452	0.0	0.023	0.442	0.465	0.528
417	0.0	0.022	0.371	0.406	0.448	0.0	0.0	0.134	0.289	0.343	0.0	0.0	0.282	0.342	0.387
558	0.0	0.0	0.275	0.35	0.4	0.0	0.018	0.364	0.394	0.469	0.0	0.0	0.288	0.318	0.353
307	0.0	0.016	0.472	0.5	0.561	0.0	0.038	0.477	0.517	0.579	0.0	0.035	0.468	0.524	0.595
915	0.0	0.016	0.435	0.469	0.512	0.0	0.014	0.413	0.457	0.512	0.0	0.014	0.351	0.4	0.457
601	0.0	0.032	0.476	0.512	0.595	0.0	0.018	0.489	0.52	0.561	0.0	0.031	0.469	0.524	0.605
904	0.0	0.0	0.427	0.458	0.541	0.0	0.516	0.549	0.572	0.611	0.0	0.015	0.435	0.469	0.538
100	0.0	0.452	0.5	0.525	0.605	0.0	0.025	0.479	0.5	0.595	0.0	0.014	0.477	0.521	0.571
622	0.0	0.018	0.449	0.469	0.524	0.0	0.0	0.404	0.44	0.5	0.0	0.477	0.524	0.544	0.611
821	0.0	0.0	0.323	0.349	0.387	0.0	0.0	0.333	0.353	0.433	0.0	0.02	0.222	0.342	0.419
907	0.0	0.016	0.337	0.378	0.421	0.0	0.368	0.441	0.467	0.533	0.0	0.017	0.4	0.447	0.5
141	0.0	0.113	0.436	0.45	0.515	0.0	0.386	0.447	0.5	0.581	0.0	0.422	0.475	0.514	0.594
394	0.0	0.019	0.37	0.406	0.467	0.0	0.016	0.349	0.421	0.472	0.0	0.0	0.342	0.368	0.455
153	0.0	0.016	0.404	0.438	0.525	0.0	0.404	0.488	0.513	0.568	0.0	0.237	0.5	0.544	0.629
448	0.0	0.018	0.452	0.477	0.583	0.0	0.017	0.391	0.429	0.463	0.0	0.015	0.448	0.481	0.55
163	0.0	0.382	0.433	0.455	0.5	0.0	0.0	0.342	0.371	0.448	0.0	0.359	0.419	0.455	0.536
504	0.0	0.018	0.271	0.308	0.333	0.0	0.0	0.333	0.367	0.438	0.0	0.0	0.364	0.396	0.448
971	0.0	0.0	0.018	0.286	0.325	0.0	0.022	0.333	0.366	0.483	0.0	0.017	0.308	0.351	0.382
75	0.0	0.018	0.425	0.463	0.559	0.0	0.0	0.375	0.396	0.5	0.0	0.204	0.439	0.486	0.559
794	0.0	0.198	0.447	0.487	0.594	0.0	0.0	0.391	0.422	0.528	0.0	0.0	0.352	0.396	0.465
106	0.0	0.0	0.308	0.351	0.382	0.0	0.0	0.35	0.4	0.452	0.0	0.0	0.329	0.364	0.4
107	0.0	0.016	0.356	0.439	0.513	0.0	0.12	0.443	0.486	0.545	0.0	0.017	0.387	0.408	0.5
345	0.0	0.0	0.288	0.348	0.39	0.0	0.015	0.333	0.37	0.432	0.0	0.033	0.395	0.446	0.485
389	0.0	0.0	0.02	0.222	0.242	0.0	0.0	0.018	0.226	0.357	0.0	0.0	0.305	0.333	0.417
245	0.0	0.013	0.422	0.448	0.5	0.0	0.017	0.449	0.489	0.585	0.0	0.437	0.511	0.551	0.61
451	0.0	0.017	0.404	0.449	0.525	0.0	0.404	0.488	0.526	0.568	0.0	0.487	0.525	0.579	0.667
498	0.0	0.0	0.395	0.439	0.5	0.0	0.0	0.034	0.261	0.325	0.0	0.0	0.4	0.434	0.533
631	0.0	0.02	0.447	0.486	0.567	0.0	0.018	0.381	0.43	0.515	0.0	0.0	0.37	0.405	0.531
264	0.0	0.444	0.49	0.511	0.575	0.0	0.473	0.542	0.565	0.628	0.0	0.354	0.485	0.522	0.643
464	0.0	0.48	0.521	0.545	0.615	0.0	0.529	0.565	0.595	0.683	0.0	0.014	0.405	0.424	0.462
121	0.0	0.008	0.419	0.432	0.488	0.0	0.004	0.453	0.51	0.543	0.0	0.018	0.447	0.5	0.571
681	0.0	0.433	0.46	0.476	0.529	0.0	0.409	0.48	0.524	0.588	0.0	0.0	0.364	0.419	0.474
23	0.0	0.0	0.418	0.455	0.532	0.0	0.017	0.449	0.489	0.571	0.0	0.018	0.445	0.479	0.522
109	0.0	0.009	0.488	0.511	0.585	0.0	0.016	0.42	0.467	0.59	0.0	0.0	0.379	0.425	0.471
350	0.0	0.017	0.415	0.459	0.531	0.0	0.0	0.318	0.357	0.444	0.0	0.018	0.349	0.39	0.467
733	0.0	0.0	0.415	0.465	0.531	0.0	0.0	0.333	0.374	0.463	0.0	0.016	0.34	0.378	0.441
200	0.0	0.309	0.466	0.5	0.567	0.0	0.016	0.367	0.41	0.5	0.0	0.0	0.372	0.415	0.5
0	0.0	0.027	0.415	0.43	0.514	0.0	0.039	0.465	0.513	0.559	0.0	0.016	0.452	0.5	0.571
391	0.0	0.016	0.435	0.453	0.5	0.0	0.02	0.465	0.513	0.559	0.0	0.017	0.422	0.478	0.543
36	0.0	0.469	0.515	0.536	0.68	0.0	0.0	0.424	0.457	0.552	0.0	0.117	0.389	0.428	0.485
48	0.0	0.0	0.357	0.398	0.486	0.0	0.455	0.5	0.533	0.64	0.0	0.021	0.4	0.434	0.457
654	0.0	0.016	0.444	0.478	0.575	0.0	0.422	0.513	0.556	0.636	0.0	0.013	0.394	0.44	0.5
748	0.0	0.0	0.242	0.323	0.407	0.0	0.0	0.273	0.319	0.367	0.0	0.019	0.333	0.354	0.4
779	0.0	0.0	0.273	0.338	0.387	0.0	0.0	0.312	0.359	0.464	0.0	0.0	0.294	0.333	0.353
574	0.0	0.204	0.439	0.469	0.543	0.0	0.0	0.426	0.453	0.488	0.0	0.446	0.5	0.541	0.636
233	0.0	0.0	0.385	0.426	0.5	0.0	0.385	0.456	0.505	0.556	0.0	0.02	0.345	0.378	0.441
333	0.0	0.016	0.365	0.404	0.459	0.0	0.0	0.415	0.446	0.548	0.0	0.017	0.371	0.425	0.486
324	0.0	0.014	0.374	0.407	0.488	0.0	0.113	0.471	0.51	0.553	0.0	0.014	0.424	0.466	0.524
150	0.0	0.01	0.36	0.404	0.432	0.0	0.0	0.415	0.463	0.526	0.0	0.016	0.476	0.514	0.588
335	0.0	0.13	0.476	0.5	0.583	0.0	0.489	0.535	0.555	0.605	0.0	0.192	0.467	0.512	0.595
57	0.0	0.0	0.341	0.425	0.486	0.0	0.395	0.459	0.5	0.567	0.0	0.0	0.327	0.37	0.425
642	0.0	0.419	0.487	0.5	0.588	0.0	0.223	0.467	0.506	0.556	0.0	0.018	0.449	0.488	0.579
797	0.0	0.016	0.452	0.5	0.575	0.0	0.036	0.467	0.512	0.568	0.0	0.0	0.379	0.428	0.488
628	0.0	0.029	0.44	0.491	0.564	0.0	0.0	0.385	0.409	0.452	0.0	0.481	0.524	0.578	0.676
862	0.0	0.014	0.429	0.45	0.512	0.0	0.016	0.404	0.442	0.5	0.0	0.461	0.512	0.558	0.657
89	0.0	0.017	0.44	0.469	0.568	0.0	0.39	0.459	0.487	0.543	0.0	0.013	0.448	0.487	0.55
584	0.0	0.429	0.5	0.535	0.59	0.0	0.015	0.426	0.468	0.511	0.0	0.029	0.436	0.461	0.523
672	0.0	0.0	0.035	0.293	0.375	0.0	0.016	0.302	0.341	0.4	0.0	0.018	0.288	0.333	0.394
676	0.0	0.476	0.509	0.526	0.571	0.0	0.0	0.286	0.321	0.382	0.0	0.005	0.333	0.371	0.448
61	0.0	0.017	0.395	0.429	0.487	0.0	0.034	0.439	0.488	0.559	0.0	0.008	0.435	0.475	0.526
751	0.0	0.037	0.44	0.484	0.541	0.0	0.035	0.432	0.478	0.543	0.0	0.007	0.396	0.42	0.476
931	0.0	0.017	0.442	0.482	0.583	0.0	0.442	0.524	0.553	0.6	0.0	0.015	0.417	0.455	0.513
281	0.0	0.016	0.463	0.5	0.526	0.0	0.014	0.379	0.417	0.476	0.0	0.013	0.396	0.442	0.487
754	0.0	0.222	0.45	0.5	0.526	0.0	0.213	0.463	0.486	0.562	0.0	0.015	0.427	0.479	0.541
184	0.0	0.031	0.475	0.5	0.571	0.0	0.51	0.534	0.566	0.619	0.0	0.016	0.491	0.521	0.578
858	0.0	0.019	0.387	0.424	0.484	0.0	0.02	0.42	0.455	0.533	0.0	0.0	0.342	0.368	0.457
127	0.0	0.0	0.296	0.364	0.432	0.0	0.333	0.457	0.503	0.625	0.0	0.012	0.379	0.425	0.487
287	0.0	0.019	0.415	0.436	0.514	0.0	0.02	0.396	0.416	0.568	0.0	0.386	0.436	0.471	0.545
373	0.0	0.021	0.483	0.519	0.604	0.0	0.027	0.469	0.51	0.551	0.0	0.056	0.529	0.569	0.612
757	0.0	0.475	0.5	0.54	0.628	0.0	0.481	0.515	0.552	0.6	0.0	0.49	0.57	0.604	0.651
230	0.0	0.021	0.421	0.455	0.533	0.0	0.014	0.42	0.475	0.533	0.0	0.193	0.417	0.441	0.471
206	0.0	0.014	0.408	0.439	0.513	0.0	0.023	0.398	0.441	0.514	0.0	0.297	0.475	0.526	0.571
351	0.0	0.104	0.418	0.449	0.545	0.0	0.015	0.314	0.367	0.455	0.0	0.009	0.354	0.388	0.436
178	0.0	0.19	0.406	0.448	0.52	0.0	0.018	0.323	0.362	0.433	0.0	0.0	0.338	0.368	0.424
289	0.0	0.011	0.368	0.409	0.483	0.0	0.014	0.358	0.41	0.433	0.0	0.018	0.282	0.343	0.371
362	0.0	0.025	0.405	0.44	0.48	0.0	0.352	0.521	0.556	0.605	0.0	0.048	0.453	0.48	0.545
864	0.0	0.497	0.54	0.576	0.634	0.0	0.439	0.506	0.532	0.625	0.0	0.431	0.48	0.522	0.548
16	0.0	0.0	0.31	0.338	0.385	0.0	0.016	0.353	0.406	0.5	0.0	0.018	0.31	0.359	0.424
227	0.0	0.0	0.325	0.368	0.4	0.0	0.006	0.328	0.382	0.419	0.0	0.017	0.275	0.325	0.4
711	0.0	0.119	0.471	0.497	0.568	0.0	0.444	0.475	0.513	0.645	0.0	0.016	0.489	0.511	0.59
752	0.0	0.018	0.483	0.515	0.564	0.0	0.041	0.438	0.458	0.524	0.0	0.015	0.392	0.413	0.44
980	0.0	0.0	0.297	0.338	0.385	0.0	0.0	0.244	0.318	0.353	0.0	0.005	0.348	0.389	0.467
119	0.0	0.019	0.364	0.387	0.522	0.0	0.291	0.413	0.44	0.538	0.0	0.0	0.162	0.316	0.371
877	0.0	0.0	0.356	0.39	0.444	0.0	0.3	0.389	0.412	0.536	0.0	0.004	0.362	0.397	0.471
375	0.0	0.018	0.479	0.5	0.571	0.0	0.453	0.489	0.513	0.618	0.0	0.017	0.489	0.517	0.581
254	0.0	0.0	0.348	0.4	0.487	0.0	0.118	0.455	0.486	0.529	0.0	0.124	0.449	0.481	0.545
513	0.0	0.018	0.375	0.405	0.444	0.0	0.0	0.419	0.447	0.514	0.0	0.019	0.405	0.436	0.486
686	0.0	0.021	0.414	0.461	0.526	0.0	0.0	0.292	0.319	0.395	0.0	0.017	0.349	0.398	0.486
695	0.0	0.0	0.444	0.48	0.562	0.0	0.016	0.376	0.402	0.5	0.0	0.0	0.333	0.37	0.459
778	0.0	0.031	0.405	0.436	0.474	0.0	0.421	0.444	0.5	0.613	0.0	0.429	0.486	0.5	0.606
927	0.0	0.018	0.412	0.429	0.483	0.0	0.375	0.414	0.459	0.519	0.0	0.023	0.354	0.405	0.469
646	0.0	0.014	0.375	0.429	0.465	0.0	0.0	0.373	0.408	0.465	0.0	0.0	0.465	0.514	0.588
396	0.0	0.0	0.329	0.37	0.425	0.0	0.018	0.386	0.425	0.515	0.0	0.024	0.411	0.474	0.516
633	0.0	0.0	0.377	0.4	0.5	0.0	0.015	0.321	0.381	0.432	0.0	0.0	0.412	0.464	0.515
303	0.0	0.014	0.442	0.475	0.533	0.0	0.027	0.452	0.491	0.6	0.0	0.55	0.564	0.581	0.647
405	0.0	0.016	0.423	0.451	0.5	0.0	0.0	0.422	0.444	0.553	0.0	0.392	0.488	0.525	0.556
967	0.0	0.014	0.442	0.48	0.543	0.0	0.016	0.51	0.532	0.578	0.0	0.299	0.467	0.488	0.535
234	0.0	0.0	0.343	0.391	0.483	0.0	0.028	0.382	0.424	0.481	0.0	0.009	0.441	0.468	0.536
571	0.0	0.0	0.297	0.351	0.419	0.0	0.012	0.354	0.395	0.472	0.0	0.016	0.318	0.368	0.417
404	0.0	0.014	0.431	0.465	0.522	0.0	0.019	0.438	0.457	0.537	0.0	0.013	0.418	0.444	0.511
982	0.0	0.246	0.521	0.546	0.61	0.0	0.032	0.457	0.5	0.564	0.0	0.017	0.451	0.489	0.548
266	0.0	0.026	0.426	0.451	0.5	0.015	0.5	0.541	0.574	0.677	0.0	0.47	0.518	0.547	0.583
660	0.0	0.0	0.257	0.312	0.379	0.0	0.0	0.022	0.184	0.25	0.0	0.017	0.316	0.36	0.4
908	0.0	0.015	0.024	0.195	0.231	0.0	0.287	0.315	0.391	0.526	0.0	0.005	0.222	0.298	0.36
154	0.0	0.0	0.35	0.385	0.429	0.0	0.0	0.351	0.375	0.441	0.0	0.02	0.351	0.389	0.452
282	0.0	0.018	0.304	0.347	0.387	0.0	0.011	0.128	0.286	0.344	0.0	0.008	0.032	0.311	0.351
641	0.0	0.444	0.489	0.524	0.579	0.0	0.016	0.489	0.532	0.6	0.0	0.0	0.46	0.511	0.575
651	0.0	0.014	0.318	0.371	0.517	0.0	0.042	0.419	0.438	0.52	0.0	0.017	0.333	0.382	0.433
859	0.0	0.0	0.314	0.343	0.406	0.0	0.0	0.295	0.368	0.444	0.0	0.403	0.459	0.5	0.556
250	0.0	0.102	0.4	0.427	0.536	0.0	0.017	0.456	0.496	0.586	0.0	0.0	0.311	0.349	0.395
515	0.0	0.0	0.318	0.37	0.429	0.0	0.004	0.289	0.339	0.429	0.0	0.0	0.294	0.321	0.346
131	0.0	0.015	0.412	0.444	0.52	0.0	0.468	0.533	0.568	0.61	0.0	0.48	0.511	0.553	0.61
298	0.0	0.014	0.421	0.454	0.529	0.0	0.013	0.469	0.5	0.549	0.0	0.481	0.51	0.547	0.585
76	0.0	0.015	0.458	0.49	0.545	0.0	0.448	0.522	0.553	0.595	0.0	0.013	0.418	0.454	0.481
310	0.0	0.0	0.127	0.284	0.344	0.0	0.205	0.312	0.383	0.458	0.0	0.0	0.324	0.361	0.4
529	0.0	0.04	0.241	0.286	0.333	0.0	0.0	0.02	0.256	0.333	0.0	0.0	0.344	0.379	0.423
293	0.0	0.02	0.318	0.387	0.429	0.0	0.0	0.021	0.275	0.323	0.0	0.02	0.312	0.347	0.423
885	0.0	0.0	0.008	0.224	0.243	0.0	0.0	0.287	0.346	0.4	0.0	0.0	0.314	0.346	0.37
134	0.0	0.014	0.432	0.46	0.523	0.0	0.017	0.396	0.438	0.478	0.0	0.478	0.535	0.579	0.643
569	0.0	0.0	0.307	0.353	0.379	0.0	0.0	0.136	0.299	0.387	0.0	0.021	0.297	0.394	0.591
334	0.0	0.108	0.446	0.472	0.514	0.0	0.0	0.4	0.452	0.541	0.0	0.0	0.459	0.484	0.556
923	0.0	0.021	0.489	0.51	0.581	0.0	0.008	0.44	0.468	0.561	0.0	0.014	0.428	0.461	0.522
467	0.0	0.018	0.363	0.394	0.469	0.0	0.016	0.405	0.445	0.515	0.0	0.021	0.36	0.411	0.455
722	0.0	0.5	0.553	0.575	0.632	0.0	0.107	0.446	0.488	0.556	0.0	0.015	0.44	0.467	0.568
739	0.0	0.017	0.413	0.444	0.5	0.0	0.307	0.489	0.527	0.611	0.0	0.237	0.5	0.538	0.611
479	0.0	0.018	0.465	0.5	0.55	0.0	0.45	0.488	0.525	0.618	0.0	0.392	0.5	0.513	0.556
465	0.0	0.028	0.467	0.492	0.55	0.0	0.198	0.488	0.538	0.618	0.0	0.388	0.465	0.506	0.571
588	0.0	0.0	0.426	0.457	0.5	0.0	0.5	0.561	0.6	0.688	0.0	0.469	0.523	0.586	0.657
181	0.0	0.0	0.351	0.4	0.417	0.0	0.0	0.319	0.369	0.419	0.0	0.0	0.367	0.405	0.469
829	0.0	0.004	0.318	0.357	0.395	0.0	0.017	0.325	0.357	0.412	0.0	0.378	0.429	0.469	0.556
17	0.0	0.339	0.488	0.512	0.564	0.0	0.0	0.439	0.481	0.523	0.0	0.016	0.46	0.5	0.535
169	0.0	0.0	0.02	0.257	0.324	0.0	0.0	0.012	0.219	0.308	0.0	0.0	0.339	0.363	0.417
148	0.0	0.016	0.459	0.488	0.513	0.0	0.0	0.404	0.435	0.5	0.0	0.488	0.526	0.588	0.625
652	0.0	0.016	0.409	0.45	0.488	0.0	0.0	0.419	0.462	0.529	0.0	0.016	0.419	0.476	0.526
509	0.0	0.208	0.457	0.478	0.552	0.0	0.017	0.357	0.405	0.485	0.0	0.0	0.348	0.393	0.5
261	0.0	0.421	0.473	0.511	0.61	0.0	0.567	0.591	0.627	0.684	0.0	0.007	0.442	0.479	0.535
421	0.0	0.0	0.019	0.302	0.341	0.0	0.005	0.324	0.363	0.452	0.0	0.0	0.31	0.359	0.412
518	0.0	0.021	0.362	0.395	0.441	0.0	0.0	0.28	0.314	0.371	0.0	0.0	0.326	0.375	0.429
170	0.0	0.011	0.477	0.493	0.574	0.0	0.541	0.576	0.614	0.667	0.0	0.014	0.464	0.5	0.531
936	0.0	0.013	0.447	0.478	0.551	0.0	0.495	0.542	0.56	0.614	0.0	0.014	0.445	0.468	0.519
865	0.0	0.0	0.449	0.486	0.5	0.0	0.012	0.337	0.362	0.421	0.0	0.344	0.488	0.539	0.606
954	0.0	0.014	0.433	0.467	0.54	0.0	0.49	0.524	0.556	0.595	0.0	0.481	0.562	0.579	0.69
981	0.0	0.495	0.528	0.562	0.659	0.0	0.028	0.466	0.481	0.54	0.0	0.02	0.446	0.481	0.531
348	0.0	0.409	0.486	0.526	0.645	0.0	0.029	0.37	0.415	0.5	0.0	0.0	0.405	0.444	0.514
942	0.0	0.017	0.39	0.429	0.514	0.0	0.449	0.472	0.528	0.655	0.0	0.017	0.396	0.446	0.5
411	0.0	0.0	0.306	0.342	0.406	0.0	0.019	0.394	0.444	0.484	0.0	0.391	0.453	0.496	0.571
473	0.0	0.018	0.361	0.4	0.485	0.0	0.017	0.342	0.41	0.441	0.0	0.385	0.424	0.483	0.536
208	0.0	0.014	0.415	0.463	0.514	0.0	0.0	0.386	0.436	0.514	0.0	0.016	0.41	0.444	0.514
410	0.0	0.017	0.362	0.412	0.452	0.0	0.015	0.394	0.424	0.475	0.0	0.019	0.41	0.442	0.514
120	0.0	0.016	0.459	0.489	0.556	0.0	0.479	0.548	0.585	0.649	0.0	0.015	0.416	0.464	0.5
526	0.0	0.014	0.421	0.458	0.522	0.0	0.307	0.478	0.5	0.564	0.0	0.114	0.479	0.522	0.575
521	0.0	0.429	0.488	0.528	0.618	0.0	0.005	0.455	0.476	0.556	0.0	0.028	0.42	0.466	0.559
870	0.0	0.017	0.404	0.439	0.5	0.0	0.311	0.476	0.516	0.579	0.0	0.436	0.494	0.53	0.656
567	0.0	0.018	0.429	0.476	0.571	0.0	0.019	0.45	0.465	0.606	0.0	0.341	0.436	0.471	0.545
986	0.0	0.019	0.333	0.377	0.484	0.0	0.0	0.262	0.333	0.368	0.0	0.0	0.333	0.382	0.419
419	0.0	0.034	0.44	0.476	0.526	0.0	0.462	0.486	0.529	0.594	0.0	0.417	0.473	0.51	0.6
822	0.0	0.115	0.427	0.457	0.5	0.0	0.451	0.487	0.549	0.606	0.0	0.211	0.452	0.493	0.581
190	0.0	0.052	0.51	0.543	0.61	0.0	0.028	0.451	0.485	0.581	0.0	0.22	0.5	0.534	0.595
999	0.0	0.016	0.406	0.438	0.5	0.0	0.012	0.447	0.478	0.537	0.0	0.448	0.505	0.554	0.605
193	0.0	0.093	0.408	0.485	0.562	0.0	0.037	0.413	0.442	0.485	0.0	0.02	0.388	0.43	0.5
102	0.0	0.429	0.488	0.528	0.618	0.0	0.019	0.477	0.5	0.605	0.0	0.019	0.446	0.475	0.583
657	0.0	0.016	0.435	0.487	0.553	0.0	0.211	0.462	0.494	0.528	0.0	0.009	0.378	0.425	0.514
143	0.0	0.0	0.272	0.335	0.413	0.0	0.406	0.457	0.5	0.562	0.0	0.016	0.4	0.425	0.487
658	0.0	0.383	0.487	0.515	0.588	0.0	0.128	0.429	0.487	0.529	0.0	0.016	0.391	0.435	0.5
666	0.0	0.0	0.314	0.353	0.464	0.0	0.0	0.3	0.342	0.406	0.0	0.283	0.403	0.438	0.483
699	0.0	0.019	0.375	0.409	0.56	0.0	0.019	0.357	0.377	0.448	0.0	0.016	0.333	0.368	0.438
14	0.0	0.0	0.377	0.435	0.5	0.0	0.023	0.441	0.479	0.567	0.0	0.004	0.333	0.379	0.421
773	0.0	0.007	0.432	0.476	0.55	0.0	0.034	0.494	0.52	0.561	0.0	0.295	0.489	0.537	0.622
91	0.0	0.109	0.447	0.472	0.548	0.0	0.017	0.394	0.442	0.611	0.0	0.471	0.527	0.552	0.606
239	0.0	0.209	0.462	0.494	0.556	0.0	0.017	0.39	0.44	0.514	0.0	0.035	0.451	0.474	0.543
690	0.0	0.047	0.447	0.489	0.568	0.0	0.015	0.459	0.5	0.548	0.0	0.13	0.5	0.534	0.59
827	0.0	0.031	0.471	0.5	0.561	0.0	0.034	0.462	0.503	0.537	0.0	0.016	0.451	0.478	0.524
454	0.0	0.019	0.436	0.489	0.525	0.0	0.462	0.517	0.562	0.615	0.0	0.037	0.479	0.523	0.568
816	0.0	0.012	0.301	0.362	0.481	0.0	0.0	0.317	0.354	0.424	0.0	0.019	0.3	0.342	0.412
349	0.0	0.004	0.443	0.474	0.579	0.0	0.017	0.472	0.512	0.564	0.0	0.007	0.417	0.453	0.488
534	0.018	0.541	0.568	0.61	0.676	0.0	0.465	0.513	0.553	0.583	0.0	0.448	0.5	0.513	0.559
5	0.0	0.017	0.408	0.448	0.605	0.0	0.12	0.464	0.509	0.553	0.0	0.013	0.444	0.475	0.512
724	0.0	0.442	0.5	0.534	0.647	0.0	0.0	0.396	0.426	0.476	0.0	0.432	0.488	0.513	0.556
729	0.0	0.018	0.491	0.534	0.617	0.0	0.015	0.482	0.519	0.571	0.0	0.481	0.542	0.578	0.619
755	0.0	0.1	0.365	0.4	0.48	0.0	0.0	0.034	0.286	0.353	0.0	0.0	0.288	0.367	0.5
919	0.0	0.507	0.541	0.567	0.667	0.0	0.257	0.509	0.553	0.596	0.0	0.473	0.551	0.571	0.636
299	0.0	0.014	0.429	0.476	0.571	0.0	0.017	0.362	0.407	0.486	0.0	0.017	0.365	0.407	0.474
25	0.0	0.015	0.368	0.412	0.452	0.0	0.016	0.356	0.391	0.472	0.0	0.347	0.421	0.444	0.515
238	0.0	0.413	0.463	0.488	0.568	0.0	0.032	0.461	0.5	0.568	0.0	0.476	0.512	0.573	0.667
932	0.0	0.018	0.426	0.476	0.55	0.0	0.011	0.409	0.453	0.5	0.0	0.016	0.408	0.448	0.525
706	0.0	0.478	0.512	0.541	0.667	0.0	0.016	0.417	0.456	0.5	0.0	0.019	0.467	0.512	0.575
698	0.0	0.0	0.274	0.333	0.5	0.0	0.018	0.25	0.3	0.367	0.0	0.01	0.294	0.323	0.357
590	0.0	0.0	0.349	0.397	0.455	0.0	0.019	0.392	0.405	0.485	0.0	0.0	0.366	0.405	0.457
929	0.0	0.022	0.307	0.348	0.394	0.0	0.027	0.3	0.362	0.481	0.0	0.024	0.31	0.355	0.476
309	0.0	0.0	0.133	0.272	0.344	0.0	0.0	0.354	0.393	0.462	0.0	0.0	0.303	0.324	0.36
205	0.0	0.395	0.449	0.474	0.552	0.0	0.012	0.386	0.423	0.487	0.0	0.016	0.378	0.41	0.459
462	0.0	0.016	0.417	0.474	0.514	0.0	0.031	0.395	0.425	0.5	0.0	0.382	0.405	0.445	0.5
446	0.0	0.449	0.5	0.521	0.579	0.0	0.019	0.477	0.528	0.6	0.0	0.014	0.389	0.455	0.5
996	0.0	0.018	0.326	0.378	0.425	0.0	0.0	0.4	0.436	0.531	0.0	0.016	0.426	0.481	0.531
894	0.0	0.016	0.467	0.489	0.55	0.0	0.0	0.435	0.475	0.541	0.0	0.21	0.512	0.536	0.59
251	0.0	0.016	0.426	0.457	0.553	0.0	0.115	0.469	0.5	0.568	0.0	0.232	0.5	0.526	0.583
720	0.0	0.016	0.387	0.419	0.513	0.0	0.306	0.45	0.503	0.576	0.0	0.017	0.427	0.458	0.5
3	0.0	0.027	0.5	0.54	0.63	0.0	0.026	0.461	0.493	0.538	0.0	0.451	0.531	0.574	0.614
18	0.0	0.463	0.51	0.539	0.619	0.0	0.015	0.5	0.53	0.58	0.0	0.452	0.54	0.574	0.622
388	0.0	0.0	0.337	0.368	0.444	0.0	0.005	0.316	0.339	0.405	0.0	0.02	0.421	0.457	0.517
583	0.0	0.017	0.435	0.474	0.541	0.0	0.011	0.422	0.466	0.514	0.0	0.02	0.4	0.436	0.5
338	0.0	0.02	0.415	0.452	0.513	0.0	0.0	0.4	0.45	0.5	0.0	0.016	0.419	0.447	0.529
991	0.0	0.014	0.404	0.429	0.487	0.0	0.016	0.404	0.447	0.512	0.0	0.335	0.495	0.541	0.639
486	0.0	0.253	0.488	0.524	0.579	0.0	0.015	0.398	0.438	0.5	0.0	0.225	0.5	0.531	0.568
889	0.0	0.017	0.291	0.342	0.389	0.0	0.013	0.03	0.295	0.357	0.0	0.015	0.032	0.268	0.304
214	0.0	0.016	0.505	0.525	0.61	0.0	0.017	0.431	0.467	0.561	0.0	0.015	0.465	0.508	0.556
430	0.0	0.139	0.5	0.522	0.6	0.0	0.506	0.538	0.566	0.697	0.0	0.409	0.489	0.533	0.585
412	0.0	0.03	0.427	0.448	0.5	0.0	0.019	0.341	0.381	0.447	0.0	0.407	0.5	0.541	0.588
164	0.0	0.015	0.444	0.481	0.543	0.0	0.026	0.443	0.489	0.575	0.0	0.425	0.5	0.526	0.6
838	0.0	0.0	0.293	0.316	0.371	0.0	0.0	0.212	0.296	0.379	0.0	0.0	0.114	0.286	0.357
609	0.0	0.031	0.49	0.51	0.581	0.0	0.017	0.44	0.474	0.561	0.0	0.015	0.468	0.511	0.558
483	0.0	0.016	0.306	0.366	0.425	0.0	0.364	0.45	0.5	0.567	0.0	0.021	0.357	0.39	0.457
926	0.0	0.018	0.378	0.432	0.548	0.0	0.0	0.324	0.34	0.406	0.0	0.0	0.341	0.39	0.432
511	0.0	0.015	0.457	0.48	0.545	0.0	0.406	0.5	0.544	0.684	0.0	0.014	0.447	0.489	0.533
653	0.0	0.034	0.51	0.534	0.61	0.0	0.506	0.565	0.6	0.735	0.0	0.04	0.489	0.533	0.581
805	0.0	0.015	0.356	0.397	0.442	0.0	0.017	0.422	0.463	0.541	0.0	0.017	0.427	0.487	0.556
871	0.0	0.109	0.432	0.456	0.515	0.0	0.033	0.398	0.452	0.514	0.0	0.1	0.429	0.474	0.514
125	0.0	0.043	0.43	0.462	0.513	0.0	0.471	0.507	0.549	0.613	0.0	0.018	0.44	0.476	0.562
883	0.0	0.234	0.365	0.419	0.538	0.0	0.009	0.371	0.412	0.484	0.0	0.021	0.382	0.412	0.483
562	0.0	0.475	0.511	0.554	0.625	0.0	0.0	0.447	0.489	0.548	0.0	0.417	0.489	0.512	0.605
884	0.0	0.014	0.327	0.38	0.467	0.0	0.0	0.358	0.4	0.435	0.0	0.531	0.568	0.648	0.677
667	0.0	0.02	0.468	0.5	0.575	0.0	0.403	0.454	0.49	0.581	0.0	0.488	0.514	0.583	0.677
937	0.0	0.413	0.467	0.488	0.568	0.0	0.032	0.461	0.491	0.541	0.0	0.428	0.476	0.553	0.618
202	0.0	0.244	0.42	0.447	0.5	0.0	0.042	0.452	0.5	0.559	0.0	0.016	0.367	0.398	0.463
312	0.0	0.018	0.442	0.487	0.556	0.0	0.208	0.442	0.486	0.545	0.0	0.0	0.379	0.414	0.488
532	0.0	0.022	0.321	0.37	0.452	0.0	0.375	0.441	0.46	0.591	0.0	0.014	0.406	0.467	0.552
712	0.0	0.0	0.361	0.394	0.424	0.0	0.017	0.345	0.399	0.469	0.0	0.01	0.351	0.388	0.424
585	0.0	0.02	0.254	0.319	0.367	0.0	0.0	0.035	0.247	0.286	0.0	0.0	0.033	0.292	0.314
597	0.0	0.021	0.415	0.462	0.5	0.0	0.017	0.396	0.431	0.5	0.0	0.0	0.367	0.401	0.459
878	0.0	0.01	0.275	0.324	0.371	0.0	0.0	0.289	0.342	0.364	0.0	0.0	0.025	0.26	0.31
368	0.0	0.012	0.23	0.299	0.344	0.0	0.0	0.316	0.347	0.406	0.0	0.019	0.141	0.319	0.389
294	0.0	0.047	0.303	0.318	0.393	0.0	0.019	0.351	0.389	0.452	0.0	0.019	0.368	0.417	0.5
840	0.0	0.015	0.366	0.392	0.444	0.0	0.016	0.31	0.371	0.429	0.0	0.03	0.444	0.47	0.541
108	0.0	0.0	0.35	0.381	0.429	0.0	0.018	0.324	0.351	0.438	0.0	0.264	0.4	0.441	0.519
321	0.0	0.016	0.467	0.49	0.574	0.0	0.363	0.532	0.563	0.63	0.0	0.452	0.526	0.558	0.614
943	0.0	0.012	0.274	0.306	0.351	0.0	0.018	0.384	0.421	0.5	0.0	0.018	0.36	0.39	0.438
714	0.0	0.032	0.482	0.51	0.587	0.0	0.343	0.481	0.52	0.565	0.0	0.431	0.52	0.553	0.609
66	0.0	0.0	0.342	0.378	0.424	0.0	0.0	0.315	0.35	0.412	0.0	0.0	0.353	0.379	0.433
424	0.0	0.022	0.357	0.384	0.419	0.0	0.267	0.416	0.483	0.538	0.0	0.0	0.308	0.344	0.4
921	0.0	0.016	0.391	0.486	0.559	0.0	0.019	0.452	0.5	0.562	0.0	0.009	0.405	0.427	0.514
938	0.0	0.0	0.33	0.371	0.436	0.0	0.02	0.442	0.486	0.545	0.0	0.018	0.309	0.347	0.405
874	0.0	0.0	0.019	0.211	0.3	0.0	0.005	0.126	0.281	0.32	0.0	0.0	0.01	0.252	0.308
492	0.0	0.0	0.352	0.393	0.424	0.0	0.017	0.369	0.405	0.5	0.0	0.013	0.373	0.414	0.452
10	0.0	0.0	0.036	0.296	0.382	0.0	0.287	0.413	0.438	0.538	0.0	0.008	0.317	0.359	0.424
263	0.0	0.019	0.343	0.355	0.48	0.0	0.0	0.302	0.333	0.4	0.0	0.009	0.316	0.361	0.483
694	0.0	0.015	0.358	0.408	0.452	0.0	0.017	0.409	0.45	0.528	0.0	0.016	0.452	0.497	0.553
895	0.0	0.017	0.357	0.41	0.471	0.0	0.018	0.412	0.425	0.516	0.0	0.387	0.484	0.512	0.577
935	0.0	0.018	0.425	0.475	0.488	0.0	0.018	0.427	0.463	0.543	0.0	0.017	0.452	0.51	0.571
275	0.0	0.038	0.477	0.512	0.564	0.0	0.016	0.435	0.462	0.553	0.0	0.317	0.525	0.539	0.595
948	0.0	0.019	0.442	0.48	0.545	0.0	0.111	0.452	0.5	0.581	0.0	0.019	0.364	0.429	0.5
530	0.0	0.016	0.395	0.425	0.515	0.0	0.456	0.5	0.548	0.654	0.0	0.017	0.369	0.405	0.425
330	0.0	0.034	0.48	0.512	0.581	0.0	0.416	0.488	0.511	0.615	0.0	0.016	0.442	0.49	0.571
655	0.0	0.426	0.477	0.512	0.564	0.0	0.42	0.5	0.512	0.6	0.0	0.033	0.453	0.5	0.535
774	0.0	0.02	0.409	0.449	0.568	0.0	0.017	0.378	0.415	0.487	0.0	0.016	0.4	0.435	0.5
835	0.0	0.016	0.391	0.435	0.487	0.0	0.018	0.435	0.487	0.529	0.0	0.018	0.405	0.435	0.538
27	0.0	0.0	0.019	0.284	0.4	0.0	0.005	0.037	0.263	0.281	0.0	0.0	0.273	0.29	0.333
365	0.0	0.016	0.39	0.441	0.529	0.0	0.017	0.378	0.425	0.514	0.0	0.016	0.4	0.447	0.514
550	0.0	0.016	0.358	0.404	0.458	0.0	0.016	0.42	0.441	0.475	0.0	0.016	0.438	0.479	0.583
887	0.0	0.05	0.463	0.513	0.583	0.0	0.019	0.413	0.438	0.475	0.0	0.41	0.475	0.52	0.625
104	0.0	0.016	0.458	0.477	0.55	0.0	0.11	0.437	0.476	0.571	0.0	0.016	0.408	0.453	0.525
837	0.0	0.018	0.391	0.409	0.475	0.0	0.395	0.455	0.488	0.543	0.0	0.028	0.442	0.506	0.568
415	0.0	0.016	0.386	0.42	0.472	0.0	0.013	0.321	0.365	0.455	0.0	0.0	0.309	0.361	0.421
433	0.0	0.451	0.515	0.531	0.567	0.0	0.0	0.277	0.356	0.421	0.0	0.0	0.311	0.343	0.406
186	0.0	0.016	0.323	0.351	0.39	0.0	0.131	0.466	0.486	0.529	0.0	0.0	0.378	0.405	0.462
610	0.0	0.116	0.455	0.474	0.514	0.0	0.359	0.439	0.472	0.594	0.0	0.0	0.442	0.487	0.543
725	0.0	0.0	0.333	0.36	0.432	0.0	0.018	0.444	0.476	0.55	0.0	0.016	0.465	0.512	0.583
946	0.0	0.413	0.475	0.488	0.568	0.0	0.018	0.477	0.512	0.568	0.0	0.016	0.449	0.478	0.561
332	0.0	0.477	0.531	0.551	0.629	0.0	0.017	0.438	0.475	0.571	0.0	0.218	0.512	0.538	0.59
435	0.0	0.0	0.483	0.511	0.575	0.0	0.014	0.406	0.443	0.511	0.0	0.554	0.568	0.603	0.636
65	0.0	0.018	0.475	0.5	0.556	0.0	0.017	0.304	0.367	0.436	0.0	0.0	0.388	0.408	0.465
524	0.0	0.525	0.563	0.593	0.71	0.0	0.129	0.477	0.51	0.553	0.0	0.015	0.4	0.442	0.5
257	0.0	0.014	0.462	0.5	0.556	0.0	0.013	0.445	0.473	0.531	0.0	0.462	0.49	0.524	0.643
133	0.0	0.014	0.327	0.36	0.409	0.0	0.018	0.396	0.444	0.5	0.0	0.119	0.436	0.473	0.531
21	0.0	0.0	0.349	0.38	0.455	0.0	0.019	0.456	0.496	0.586	0.0	0.0	0.353	0.378	0.429
265	0.0	0.018	0.415	0.465	0.526	0.0	0.015	0.442	0.467	0.5	0.0	0.018	0.422	0.465	0.556
381	0.0	0.5	0.527	0.581	0.645	0.0	0.018	0.374	0.403	0.432	0.0	0.436	0.494	0.53	0.656
776	0.0	0.324	0.459	0.488	0.571	0.0	0.017	0.462	0.492	0.548	0.0	0.478	0.524	0.555	0.622
370	0.0	0.005	0.373	0.407	0.438	0.0	0.019	0.378	0.419	0.455	0.0	0.014	0.385	0.434	0.484
969	0.0	0.0	0.095	0.293	0.333	0.0	0.0	0.294	0.355	0.393	0.0	0.0	0.333	0.354	0.4
56	0.0	0.0	0.307	0.368	0.455	0.0	0.0	0.369	0.417	0.485	0.0	0.021	0.297	0.361	0.406
207	0.0	0.0	0.324	0.344	0.414	0.0	0.017	0.389	0.429	0.5	0.0	0.02	0.368	0.417	0.5
94	0.0	0.482	0.524	0.564	0.622	0.0	0.034	0.451	0.489	0.537	0.0	0.456	0.517	0.545	0.605
499	0.0	0.016	0.375	0.417	0.455	0.0	0.015	0.454	0.482	0.585	0.0	0.018	0.478	0.5	0.55
769	0.0	0.018	0.425	0.447	0.515	0.0	0.017	0.395	0.439	0.486	0.0	0.019	0.419	0.486	0.548
80	0.0	0.226	0.475	0.518	0.611	0.0	0.048	0.511	0.537	0.6	0.0	0.222	0.465	0.512	0.595
195	0.0	0.014	0.4	0.45	0.562	0.0	0.008	0.4	0.446	0.486	0.0	0.016	0.383	0.406	0.436
322	0.0	0.007	0.349	0.4	0.5	0.0	0.294	0.437	0.471	0.533	0.0	0.034	0.408	0.424	0.459
63	0.0	0.018	0.065	0.229	0.286	0.0	0.0	0.299	0.315	0.387	0.0	0.0	0.273	0.318	0.387
390	0.0	0.0	0.322	0.359	0.432	0.0	0.0	0.427	0.463	0.548	0.0	0.013	0.4	0.434	0.457
497	0.0	0.088	0.395	0.427	0.536	0.0	0.02	0.471	0.5	0.607	0.0	0.0	0.357	0.385	0.405
114	0.0	0.417	0.457	0.5	0.552	0.0	0.032	0.395	0.436	0.515	0.0	0.015	0.359	0.4	0.457
679	0.0	0.016	0.446	0.5	0.575	0.0	0.016	0.478	0.506	0.548	0.0	0.035	0.447	0.5	0.575
721	0.0	0.0	0.016	0.279	0.333	0.0	0.39	0.439	0.5	0.556	0.0	0.016	0.325	0.359	0.429
782	0.0	0.004	0.426	0.453	0.525	0.0	0.016	0.467	0.5	0.537	0.0	0.317	0.484	0.537	0.622
172	0.0	0.47	0.506	0.547	0.605	0.0	0.476	0.519	0.553	0.611	0.0	0.0	0.43	0.468	0.524
274	0.0	0.474	0.5	0.547	0.615	0.0	0.0	0.443	0.489	0.545	0.0	0.017	0.432	0.467	0.564
13	0.0	0.016	0.441	0.467	0.524	0.0	0.016	0.477	0.512	0.579	0.0	0.183	0.429	0.474	0.571
961	0.0	0.017	0.297	0.35	0.417	0.0	0.004	0.299	0.342	0.405	0.0	0.021	0.389	0.424	0.5
675	0.0	0.0	0.447	0.486	0.567	0.0	0.0	0.357	0.403	0.485	0.0	0.018	0.288	0.339	0.389
90	0.0	0.045	0.457	0.478	0.537	0.0	0.043	0.477	0.516	0.59	0.0	0.444	0.512	0.564	0.636
580	0.0	0.019	0.333	0.397	0.448	0.0	0.014	0.348	0.382	0.469	0.0	0.014	0.325	0.364	0.4
640	0.0	0.018	0.419	0.462	0.529	0.0	0.016	0.4	0.419	0.515	0.0	0.021	0.39	0.436	0.531
327	0.0	0.0	0.365	0.404	0.459	0.0	0.483	0.516	0.548	0.68	0.0	0.385	0.469	0.483	0.552
354	0.0	0.0	0.308	0.355	0.424	0.0	0.0	0.351	0.389	0.433	0.0	0.016	0.378	0.441	0.5
436	0.0	0.0	0.342	0.389	0.441	0.0	0.009	0.4	0.447	0.531	0.0	0.032	0.381	0.435	0.515
612	0.0	0.018	0.4	0.432	0.514	0.0	0.026	0.394	0.424	0.476	0.0	0.029	0.447	0.476	0.6
960	0.0	0.383	0.474	0.515	0.588	0.0	0.019	0.405	0.453	0.5	0.0	0.018	0.376	0.404	0.462
244	0.0	0.018	0.339	0.36	0.419	0.0	0.0	0.4	0.429	0.536	0.0	0.016	0.351	0.419	0.485
564	0.0	0.016	0.032	0.298	0.333	0.0	0.468	0.519	0.54	0.714	0.0	0.382	0.455	0.517	0.577
216	0.0	0.019	0.448	0.488	0.537	0.0	0.016	0.418	0.451	0.5	0.0	0.443	0.511	0.541	0.65
731	0.0	0.428	0.487	0.52	0.562	0.0	0.0	0.405	0.455	0.514	0.0	0.446	0.472	0.514	0.562
510	0.0	0.02	0.489	0.512	0.575	0.0	0.022	0.43	0.45	0.543	0.0	0.017	0.436	0.492	0.561
949	0.0	0.017	0.477	0.5	0.55	0.0	0.016	0.432	0.463	0.526	0.0	0.016	0.478	0.525	0.605
659	0.0	0.018	0.338	0.393	0.5	0.0	0.419	0.483	0.5	0.542	0.0	0.085	0.415	0.465	0.556
734	0.0	0.0	0.359	0.405	0.471	0.0	0.014	0.029	0.347	0.405	0.0	0.385	0.446	0.485	0.533
240	0.0	0.0	0.429	0.462	0.529	0.0	0.018	0.436	0.464	0.545	0.0	0.0	0.387	0.449	0.5
269	0.0	0.449	0.494	0.512	0.579	0.0	0.0	0.467	0.5	0.568	0.0	0.219	0.467	0.53	0.595
328	0.0	0.016	0.417	0.446	0.488	0.0	0.0	0.364	0.417	0.488	0.0	0.5	0.568	0.609	0.667
749	0.0	0.486	0.526	0.568	0.677	0.0	0.018	0.476	0.5	0.537	0.0	0.03	0.388	0.429	0.524
965	0.0	0.439	0.487	0.525	0.618	0.0	0.029	0.483	0.524	0.585	0.0	0.016	0.417	0.467	0.537
325	0.0	0.016	0.312	0.381	0.439	0.0	0.456	0.507	0.548	0.621	0.0	0.018	0.347	0.385	0.45
903	0.0	0.018	0.273	0.328	0.387	0.0	0.098	0.384	0.44	0.464	0.0	0.0	0.294	0.321	0.346
58	0.0	0.019	0.415	0.445	0.5	0.0	0.015	0.416	0.458	0.5	0.0	0.032	0.479	0.512	0.564
559	0.0	0.461	0.522	0.548	0.605	0.0	0.426	0.5	0.548	0.622	0.0	0.014	0.398	0.438	0.465
180	0.0	0.016	0.347	0.398	0.463	0.0	0.433	0.459	0.5	0.593	0.0	0.0	0.356	0.395	0.486
256	0.0	0.0	0.333	0.395	0.457	0.0	0.011	0.342	0.373	0.429	0.0	0.008	0.325	0.368	0.429
39	0.0	0.018	0.427	0.456	0.526	0.0	0.277	0.412	0.471	0.486	0.0	0.416	0.456	0.5	0.576
280	0.0	0.0	0.289	0.342	0.378	0.0	0.0	0.287	0.333	0.394	0.0	0.018	0.274	0.329	0.371
765	0.0	0.111	0.437	0.467	0.543	0.0	0.017	0.347	0.419	0.447	0.0	0.027	0.429	0.476	0.541
909	0.0	0.0	0.378	0.399	0.467	0.0	0.018	0.419	0.475	0.543	0.0	0.449	0.5	0.541	0.594
572	0.0	0.0	0.382	0.438	0.536	0.0	0.024	0.389	0.429	0.483	0.0	0.0	0.326	0.4	0.438
780	0.0	0.012	0.373	0.419	0.484	0.0	0.0	0.375	0.427	0.471	0.0	0.018	0.317	0.354	0.429
187	0.0	0.0	0.214	0.303	0.371	0.0	0.021	0.333	0.379	0.444	0.0	0.0	0.323	0.344	0.391
443	0.0	0.017	0.417	0.457	0.525	0.0	0.015	0.42	0.445	0.5	0.0	0.014	0.4	0.444	0.526
363	0.0	0.015	0.4	0.425	0.452	0.0	0.017	0.429	0.487	0.556	0.0	0.0	0.412	0.441	0.515
377	0.0	0.0	0.405	0.422	0.442	0.0	0.02	0.425	0.463	0.528	0.0	0.017	0.37	0.406	0.5
893	0.0	0.0	0.456	0.478	0.537	0.0	0.015	0.462	0.5	0.579	0.0	0.392	0.488	0.5	0.556
557	0.0	0.0	0.327	0.378	0.459	0.0	0.442	0.472	0.511	0.567	0.0	0.02	0.337	0.355	0.405
916	0.0	0.014	0.411	0.458	0.5	0.0	0.448	0.478	0.523	0.595	0.0	0.014	0.368	0.415	0.5
841	0.0	0.0	0.468	0.489	0.548	0.0	0.537	0.553	0.609	0.69	0.0	0.0	0.382	0.435	0.5
806	0.0	0.021	0.312	0.367	0.462	0.0	0.004	0.146	0.324	0.394	0.0	0.022	0.345	0.393	0.429
62	0.0	0.022	0.447	0.5	0.567	0.0	0.416	0.448	0.5	0.615	0.0	0.0	0.302	0.352	0.417
156	0.0	0.019	0.432	0.444	0.516	0.0	0.425	0.458	0.511	0.615	0.0	0.025	0.386	0.429	0.567
535	0.0	0.307	0.459	0.491	0.588	0.0	0.011	0.394	0.414	0.452	0.0	0.018	0.453	0.525	0.595
573	0.0	0.139	0.5	0.522	0.6	0.014	0.043	0.44	0.479	0.595	0.0	0.211	0.5	0.534	0.595
860	0.0	0.024	0.425	0.455	0.5	0.0	0.031	0.479	0.512	0.561	0.0	0.323	0.5	0.527	0.579
387	0.0	0.016	0.468	0.49	0.558	0.0	0.016	0.418	0.447	0.537	0.0	0.014	0.417	0.457	0.5
53	0.0	0.0	0.305	0.354	0.395	0.0	0.121	0.455	0.484	0.625	0.0	0.019	0.333	0.369	0.4
336	0.0	0.0	0.324	0.367	0.452	0.0	0.019	0.426	0.458	0.577	0.0	0.093	0.439	0.484	0.536
326	0.0	0.013	0.417	0.452	0.514	0.0	0.306	0.442	0.472	0.515	0.0	0.013	0.422	0.456	0.514
924	0.0	0.023	0.395	0.419	0.5	0.0	0.216	0.457	0.494	0.538	0.0	0.028	0.48	0.524	0.61
111	0.0	0.394	0.454	0.515	0.6	0.0	0.0	0.357	0.405	0.45	0.0	0.0	0.352	0.383	0.45
277	0.0	0.108	0.423	0.485	0.562	0.0	0.018	0.427	0.474	0.529	0.0	0.016	0.351	0.383	0.5
456	0.0	0.016	0.38	0.412	0.469	0.0	0.0	0.372	0.419	0.462	0.0	0.4	0.46	0.5	0.545
718	0.0	0.016	0.311	0.366	0.455	0.0	0.0	0.365	0.404	0.5	0.0	0.016	0.151	0.328	0.459
726	0.0	0.008	0.375	0.417	0.533	0.0	0.019	0.384	0.417	0.5	0.0	0.004	0.362	0.424	0.5
508	0.0	0.015	0.447	0.489	0.571	0.0	0.029	0.477	0.511	0.59	0.0	0.016	0.429	0.488	0.537
248	0.0	0.471	0.532	0.554	0.641	0.0	0.0	0.388	0.429	0.512	0.0	0.47	0.536	0.581	0.632
468	0.0	0.014	0.33	0.384	0.425	0.0	0.47	0.493	0.541	0.594	0.0	0.017	0.405	0.444	0.553
551	0.0	0.017	0.442	0.487	0.556	0.0	0.01	0.391	0.44	0.475	0.0	0.009	0.415	0.431	0.5
398	0.0	0.0	0.389	0.438	0.519	0.0	0.0	0.3	0.361	0.389	0.0	0.0	0.268	0.308	0.333
693	0.0	0.0	0.289	0.343	0.406	0.0	0.0	0.275	0.312	0.351	0.0	0.0	0.351	0.386	0.424
898	0.0	0.017	0.392	0.445	0.5	0.0	0.02	0.29	0.324	0.364	0.0	0.003	0.153	0.327	0.385
225	0.0	0.04	0.333	0.368	0.406	0.0	0.0	0.378	0.4	0.5	0.0	0.382	0.455	0.5	0.556
478	0.0	0.018	0.364	0.415	0.515	0.0	0.0	0.4	0.429	0.471	0.0	0.0	0.385	0.4	0.457
744	0.0	0.426	0.465	0.5	0.605	0.0	0.435	0.5	0.535	0.595	0.0	0.044	0.443	0.487	0.543
423	0.0	0.016	0.424	0.441	0.487	0.0	0.014	0.352	0.409	0.442	0.0	0.0	0.391	0.433	0.487
808	0.0	0.015	0.415	0.43	0.514	0.0	0.008	0.41	0.462	0.5	0.0	0.112	0.418	0.462	0.529
502	0.0	0.02	0.467	0.5	0.579	0.0	0.513	0.538	0.564	0.688	0.0	0.031	0.459	0.512	0.59
587	0.0	0.015	0.364	0.416	0.475	0.0	0.022	0.427	0.447	0.486	0.0	0.0	0.381	0.415	0.462
122	0.0	0.014	0.314	0.372	0.435	0.0	0.016	0.412	0.475	0.514	0.0	0.017	0.422	0.463	0.528
291	0.0	0.015	0.364	0.397	0.432	0.0	0.0	0.398	0.431	0.514	0.0	0.453	0.513	0.545	0.655
595	0.0	0.016	0.309	0.35	0.441	0.0	0.017	0.365	0.404	0.5	0.0	0.0	0.326	0.4	0.457
740	0.0	0.0	0.326	0.369	0.471	0.0	0.358	0.447	0.493	0.615	0.0	0.017	0.318	0.395	0.455
210	0.0	0.0	0.302	0.333	0.375	0.0	0.018	0.297	0.324	0.429	0.0	0.004	0.234	0.314	0.429
182	0.0	0.429	0.5	0.541	0.667	0.0	0.034	0.419	0.465	0.576	0.0	0.0	0.391	0.439	0.5
867	0.0	0.016	0.383	0.429	0.514	0.0	0.015	0.391	0.416	0.528	0.0	0.429	0.5	0.545	0.576
185	0.0	0.031	0.437	0.474	0.543	0.0	0.046	0.434	0.465	0.571	0.0	0.015	0.409	0.475	0.526
347	0.0	0.018	0.437	0.474	0.543	0.0	0.0	0.364	0.409	0.5	0.0	0.436	0.475	0.528	0.625
223	0.0	0.0	0.195	0.279	0.321	0.0	0.148	0.296	0.375	0.526	0.0	0.015	0.304	0.333	0.391
639	0.0	0.0	0.235	0.31	0.37	0.0	0.004	0.019	0.205	0.29	0.0	0.0	0.02	0.182	0.235
162	0.0	0.0	0.298	0.356	0.4	0.0	0.035	0.415	0.459	0.529	0.0	0.288	0.416	0.486	0.607
629	0.0	0.016	0.311	0.387	0.447	0.0	0.017	0.413	0.462	0.514	0.0	0.004	0.333	0.349	0.45
50	0.0	0.502	0.537	0.571	0.667	0.0	0.0	0.353	0.398	0.475	0.0	0.004	0.365	0.407	0.474
159	0.0	0.015	0.469	0.516	0.571	0.0	0.017	0.433	0.467	0.561	0.0	0.029	0.468	0.512	0.564
129	0.0	0.441	0.5	0.533	0.6	0.0	0.13	0.531	0.562	0.614	0.0	0.451	0.489	0.523	0.59
452	0.0	0.029	0.451	0.49	0.581	0.0	0.019	0.5	0.527	0.578	0.0	0.46	0.489	0.524	0.59
126	0.0	0.442	0.506	0.536	0.647	0.0	0.016	0.412	0.447	0.489	0.0	0.435	0.488	0.514	0.568
649	0.0	0.015	0.404	0.447	0.526	0.0	0.017	0.429	0.456	0.488	0.0	0.0	0.334	0.4	0.462
747	0.0	0.0	0.448	0.491	0.568	0.0	0.474	0.507	0.538	0.571	0.0	0.017	0.4	0.449	0.541
93	0.0	0.01	0.241	0.301	0.357	0.0	0.0	0.128	0.281	0.364	0.0	0.017	0.172	0.324	0.353
41	0.0	0.512	0.544	0.574	0.674	0.0	0.5	0.529	0.565	0.622	0.0	0.013	0.491	0.521	0.571
339	0.0	0.48	0.51	0.54	0.628	0.0	0.245	0.509	0.546	0.596	0.0	0.549	0.605	0.622	0.675
455	0.0	0.307	0.447	0.493	0.588	0.0	0.432	0.488	0.525	0.583	0.0	0.124	0.476	0.509	0.564
570	0.0	0.009	0.324	0.352	0.382	0.0	0.0	0.036	0.279	0.308	0.0	0.0	0.019	0.269	0.317
406	0.0	0.0	0.277	0.326	0.366	0.0	0.009	0.4	0.439	0.488	0.0	0.014	0.391	0.435	0.5
855	0.0	0.406	0.443	0.529	0.625	0.0	0.016	0.39	0.439	0.487	0.0	0.014	0.317	0.36	0.422
598	0.0	0.0	0.019	0.216	0.267	0.0	0.012	0.259	0.308	0.364	0.0	0.0	0.255	0.269	0.318
930	0.0	0.019	0.341	0.378	0.429	0.0	0.0	0.375	0.425	0.5	0.0	0.019	0.376	0.417	0.438
85	0.0	0.017	0.375	0.398	0.486	0.0	0.527	0.567	0.607	0.654	0.0	0.033	0.411	0.445	0.472
116	0.0	0.412	0.471	0.5	0.615	0.0	0.017	0.444	0.479	0.567	0.0	0.0	0.356	0.408	0.447
697	0.0	0.232	0.462	0.488	0.529	0.0	0.436	0.514	0.559	0.581	0.0	0.016	0.383	0.442	0.541
329	0.0	0.007	0.381	0.427	0.474	0.0	0.0	0.386	0.415	0.45	0.0	0.017	0.366	0.39	0.486
45	0.0	0.454	0.488	0.526	0.636	0.0	0.298	0.462	0.491	0.541	0.0	0.462	0.487	0.523	0.583
983	0.0	0.016	0.426	0.457	0.553	0.0	0.036	0.442	0.476	0.553	0.0	0.017	0.467	0.5	0.55
67	0.0	0.018	0.391	0.422	0.474	0.0	0.015	0.359	0.386	0.45	0.0	0.009	0.386	0.421	0.474
466	0.0	0.017	0.308	0.354	0.39	0.0	0.0	0.155	0.333	0.389	0.0	0.0	0.275	0.333	0.417
87	0.0	0.017	0.457	0.478	0.537	0.0	0.446	0.525	0.579	0.647	0.0	0.0	0.447	0.512	0.579
130	0.0	0.369	0.514	0.551	0.644	0.0	0.344	0.5	0.52	0.565	0.0	0.524	0.583	0.616	0.69
798	0.0	0.359	0.494	0.514	0.556	0.0	0.0	0.365	0.419	0.444	0.0	0.017	0.419	0.469	0.541
519	0.0	0.018	0.36	0.436	0.5	0.0	0.019	0.429	0.472	0.531	0.0	0.41	0.449	0.47	0.543
226	0.0	0.369	0.436	0.485	0.567	0.0	0.007	0.315	0.359	0.395	0.0	0.017	0.354	0.387	0.459
314	0.0	0.019	0.405	0.439	0.5	0.0	0.019	0.425	0.45	0.487	0.0	0.444	0.462	0.5	0.545
968	0.0	0.0	0.319	0.37	0.469	0.0	0.019	0.368	0.396	0.469	0.0	0.388	0.446	0.496	0.533
418	0.0	0.388	0.448	0.481	0.593	0.0	0.019	0.471	0.5	0.607	0.0	0.016	0.389	0.432	0.444
447	0.0	0.469	0.515	0.536	0.68	0.0	0.018	0.381	0.414	0.484	0.0	0.0	0.383	0.425	0.486
594	0.0	0.018	0.435	0.477	0.55	0.0	0.008	0.432	0.471	0.514	0.0	0.4	0.455	0.52	0.588
285	0.0	0.224	0.471	0.49	0.568	0.0	0.015	0.482	0.51	0.571	0.0	0.544	0.587	0.607	0.675
820	0.0	0.016	0.487	0.529	0.609	0.0	0.496	0.537	0.57	0.667	0.0	0.453	0.511	0.542	0.581
305	0.0	0.0	0.381	0.436	0.548	0.0	0.0	0.356	0.394	0.447	0.0	0.004	0.408	0.424	0.485
506	0.0	0.0	0.2	0.267	0.321	0.0	0.0	0.043	0.205	0.321	0.0	0.0	0.095	0.289	0.357
393	0.0	0.489	0.523	0.554	0.632	0.0	0.447	0.489	0.533	0.605	0.0	0.017	0.477	0.506	0.575
458	0.0	0.017	0.393	0.444	0.488	0.0	0.027	0.429	0.478	0.526	0.0	0.023	0.415	0.446	0.531
920	0.0	0.0	0.4	0.417	0.469	0.0	0.033	0.395	0.422	0.5	0.0	0.0	0.307	0.358	0.4
637	0.0	0.0	0.39	0.439	0.529	0.0	0.018	0.37	0.413	0.5	0.0	0.014	0.326	0.366	0.425
158	0.0	0.015	0.304	0.358	0.429	0.0	0.12	0.443	0.483	0.548	0.0	0.016	0.352	0.398	0.45
70	0.0	0.0	0.162	0.321	0.353	0.0	0.015	0.022	0.3	0.394	0.0	0.017	0.021	0.256	0.323
727	0.0	0.016	0.413	0.444	0.513	0.0	0.456	0.494	0.518	0.562	0.0	0.015	0.36	0.4	0.476
135	0.0	0.005	0.304	0.333	0.387	0.0	0.0	0.018	0.256	0.308	0.0	0.0	0.333	0.375	0.414
997	0.0	0.013	0.379	0.4	0.425	0.0	0.02	0.463	0.514	0.588	0.0	0.016	0.457	0.488	0.576
317	0.0	0.017	0.402	0.42	0.472	0.0	0.004	0.33	0.37	0.425	0.0	0.017	0.368	0.425	0.459
745	0.0	0.436	0.474	0.529	0.6	0.0	0.031	0.415	0.447	0.516	0.0	0.113	0.437	0.474	0.6
78	0.0	0.0	0.351	0.397	0.484	0.0	0.0	0.389	0.429	0.483	0.0	0.417	0.5	0.523	0.577
229	0.0	0.0	0.256	0.297	0.324	0.0	0.04	0.328	0.382	0.419	0.0	0.0	0.02	0.295	0.342
632	0.0	0.014	0.377	0.432	0.5	0.0	0.181	0.424	0.439	0.516	0.0	0.019	0.429	0.455	0.5
914	0.0	0.007	0.458	0.49	0.545	0.0	0.0	0.51	0.542	0.591	0.0	0.026	0.393	0.438	0.489
52	0.0	0.016	0.439	0.472	0.5	0.0	0.011	0.337	0.405	0.447	0.0	0.018	0.359	0.412	0.472
850	0.0	0.486	0.545	0.586	0.72	0.0	0.356	0.394	0.422	0.467	0.0	0.016	0.349	0.386	0.436
979	0.0	0.018	0.348	0.395	0.486	0.0	0.41	0.471	0.5	0.567	0.0	0.19	0.405	0.439	0.485
382	0.0	0.009	0.413	0.46	0.526	0.0	0.413	0.467	0.51	0.562	0.0	0.015	0.366	0.408	0.465
645	0.0	0.019	0.447	0.465	0.538	0.0	0.016	0.4	0.442	0.5	0.0	0.033	0.444	0.494	0.568
825	0.0	0.118	0.444	0.473	0.514	0.0	0.405	0.444	0.5	0.613	0.0	0.017	0.427	0.452	0.556
635	0.0	0.369	0.514	0.551	0.644	0.0	0.51	0.54	0.581	0.636	0.0	0.056	0.52	0.569	0.609
355	0.0	0.017	0.49	0.511	0.571	0.0	0.015	0.51	0.54	0.587	0.0	0.446	0.49	0.533	0.61
445	0.0	0.0	0.125	0.284	0.357	0.0	0.0	0.021	0.263	0.312	0.0	0.0	0.316	0.352	0.387
691	0.0	0.0	0.377	0.394	0.5	0.0	0.017	0.154	0.341	0.382	0.0	0.0	0.38	0.432	0.517
38	0.0	0.016	0.439	0.476	0.571	0.0	0.017	0.362	0.391	0.486	0.0	0.392	0.449	0.485	0.562
283	0.0	0.018	0.452	0.475	0.526	0.0	0.354	0.389	0.452	0.531	0.0	0.429	0.481	0.5	0.576
26	0.0	0.0	0.333	0.386	0.472	0.0	0.0	0.393	0.433	0.486	0.0	0.015	0.408	0.424	0.459
717	0.0	0.017	0.436	0.459	0.586	0.0	0.018	0.386	0.437	0.486	0.0	0.015	0.341	0.356	0.419
771	0.0	0.523	0.568	0.6	0.632	0.0	0.017	0.408	0.448	0.5	0.0	0.443	0.5	0.538	0.622
20	0.0	0.015	0.432	0.463	0.52	0.0	0.024	0.519	0.551	0.6	0.0	0.434	0.48	0.519	0.575
414	0.0	0.5	0.545	0.575	0.658	0.0	0.028	0.461	0.49	0.533	0.0	0.045	0.429	0.474	0.535
218	0.0	0.0	0.381	0.425	0.486	0.0	0.294	0.438	0.486	0.586	0.0	0.033	0.375	0.429	0.455
620	0.0	0.0	0.353	0.401	0.516	0.0	0.0	0.267	0.293	0.364	0.0	0.1	0.392	0.44	0.517
638	0.0	0.0	0.329	0.366	0.469	0.0	0.029	0.417	0.456	0.593	0.0	0.0	0.311	0.372	0.441
953	0.0	0.017	0.353	0.395	0.429	0.0	0.023	0.408	0.43	0.516	0.0	0.0	0.366	0.431	0.469
59	0.0	0.017	0.393	0.438	0.487	0.0	0.018	0.393	0.425	0.486	0.0	0.0	0.38	0.41	0.462
113	0.0	0.39	0.472	0.5	0.552	0.0	0.015	0.362	0.391	0.439	0.0	0.0	0.364	0.383	0.444
212	0.0	0.461	0.516	0.543	0.658	0.0	0.026	0.51	0.54	0.587	0.0	0.014	0.444	0.48	0.5
702	0.0	0.0	0.021	0.235	0.296	0.0	0.0	0.021	0.179	0.233	0.0	0.0	0.018	0.25	0.286
514	0.0	0.021	0.469	0.497	0.561	0.0	0.004	0.426	0.469	0.558	0.0	0.029	0.447	0.489	0.568
528	0.0	0.025	0.474	0.512	0.592	0.0	0.52	0.571	0.593	0.651	0.0	0.013	0.429	0.456	0.509
579	0.0	0.019	0.383	0.436	0.475	0.0	0.004	0.393	0.436	0.514	0.0	0.036	0.441	0.5	0.568
533	0.0	0.025	0.463	0.506	0.583	0.0	0.018	0.462	0.5	0.579	0.0	0.486	0.541	0.583	0.656
517	0.0	0.441	0.471	0.516	0.577	0.0	0.018	0.342	0.367	0.429	0.0	0.021	0.443	0.474	0.536
155	0.0	0.018	0.378	0.415	0.465	0.0	0.008	0.357	0.408	0.471	0.0	0.03	0.462	0.494	0.541
989	0.0	0.012	0.376	0.413	0.465	0.0	0.004	0.368	0.435	0.459	0.0	0.0	0.362	0.402	0.439
43	0.0	0.016	0.449	0.5	0.545	0.0	0.447	0.5	0.535	0.605	0.0	0.495	0.534	0.567	0.667
253	0.0	0.489	0.512	0.561	0.632	0.0	0.026	0.429	0.457	0.513	0.0	0.417	0.5	0.535	0.605
213	0.0	0.433	0.489	0.529	0.579	0.0	0.031	0.457	0.5	0.545	0.0	0.016	0.439	0.474	0.5
525	0.0	0.009	0.347	0.427	0.486	0.0	0.112	0.443	0.486	0.548	0.0	0.364	0.385	0.409	0.5
342	0.0	0.029	0.346	0.384	0.469	0.0	0.017	0.346	0.401	0.438	0.0	0.017	0.286	0.325	0.429
586	0.0	0.449	0.49	0.52	0.605	0.0	0.028	0.5	0.528	0.583	0.0	0.016	0.5	0.53	0.608
998	0.0	0.0	0.171	0.27	0.314	0.0	0.005	0.315	0.353	0.414	0.0	0.0	0.016	0.244	0.289
842	0.0	0.018	0.439	0.452	0.514	0.0	0.409	0.471	0.524	0.562	0.0	0.394	0.454	0.514	0.562
758	0.0	0.029	0.442	0.477	0.545	0.0	0.0	0.383	0.432	0.5	0.0	0.018	0.373	0.413	0.457
224	0.0	0.016	0.47	0.508	0.568	0.0	0.497	0.537	0.582	0.667	0.0	0.015	0.44	0.484	0.537
301	0.0	0.019	0.471	0.508	0.568	0.0	0.45	0.495	0.537	0.611	0.0	0.014	0.415	0.44	0.512
611	0.0	0.018	0.453	0.489	0.535	0.0	0.018	0.387	0.421	0.452	0.0	0.33	0.489	0.523	0.585
710	0.0	0.0	0.242	0.267	0.348	0.0	0.0	0.026	0.239	0.269	0.0	0.011	0.286	0.302	0.348
738	0.0	0.0	0.036	0.3	0.359	0.0	0.016	0.309	0.37	0.48	0.0	0.018	0.243	0.324	0.444
764	0.0	0.018	0.482	0.507	0.583	0.0	0.51	0.54	0.56	0.619	0.0	0.519	0.58	0.596	0.667
815	0.0	0.016	0.351	0.368	0.412	0.0	0.0	0.262	0.299	0.389	0.0	0.0	0.155	0.349	0.395
8	0.0	0.027	0.42	0.458	0.487	0.0	0.395	0.447	0.514	0.581	0.0	0.439	0.5	0.52	0.562
46	0.0	0.406	0.443	0.529	0.625	0.0	0.014	0.404	0.439	0.526	0.0	0.004	0.341	0.379	0.459
753	0.0	0.474	0.516	0.547	0.615	0.0	0.477	0.5	0.55	0.629	0.0	0.409	0.452	0.509	0.568
252	0.0	0.028	0.448	0.479	0.545	0.0	0.015	0.383	0.419	0.468	0.0	0.428	0.477	0.5	0.553
777	0.0	0.113	0.47	0.5	0.59	0.0	0.413	0.467	0.5	0.553	0.0	0.015	0.427	0.465	0.5
358	0.0	0.004	0.316	0.359	0.405	0.0	0.159	0.382	0.413	0.5	0.0	0.0	0.308	0.333	0.406
766	0.0	0.018	0.429	0.459	0.559	0.0	0.433	0.487	0.524	0.606	0.0	0.019	0.415	0.45	0.487
84	0.0	0.393	0.447	0.487	0.545	0.0	0.394	0.475	0.507	0.606	0.0	0.018	0.398	0.429	0.462
824	0.0	0.432	0.447	0.486	0.529	0.0	0.018	0.433	0.487	0.538	0.0	0.0	0.346	0.383	0.444
939	0.0	0.0	0.313	0.349	0.379	0.0	0.0	0.179	0.229	0.308	0.0	0.0	0.241	0.304	0.44
461	0.0	0.419	0.463	0.514	0.594	0.0	0.018	0.417	0.455	0.477	0.0	0.016	0.438	0.476	0.571
576	0.0	0.0	0.282	0.333	0.387	0.0	0.25	0.344	0.379	0.458	0.0	0.0	0.271	0.343	0.406
823	0.0	0.0	0.388	0.422	0.472	0.0	0.305	0.451	0.476	0.515	0.0	0.019	0.409	0.436	0.5
92	0.0	0.015	0.388	0.439	0.545	0.0	0.0	0.368	0.397	0.444	0.0	0.0	0.341	0.359	0.395
761	0.0	0.0	0.395	0.45	0.562	0.0	0.007	0.386	0.422	0.475	0.0	0.02	0.39	0.41	0.447
68	0.0	0.0	0.185	0.26	0.323	0.0	0.0	0.333	0.353	0.433	0.0	0.019	0.3	0.333	0.414
138	0.0	0.0	0.222	0.274	0.355	0.0	0.008	0.306	0.324	0.4	0.0	0.013	0.373	0.403	0.5
768	0.0	0.0	0.304	0.351	0.419	0.0	0.019	0.368	0.406	0.462	0.0	0.019	0.389	0.456	0.533
661	0.0	0.0	0.021	0.235	0.321	0.0	0.0	0.233	0.276	0.333	0.0	0.0	0.022	0.258	0.31
31	0.0	0.01	0.379	0.413	0.477	0.0	0.474	0.538	0.556	0.594	0.0	0.017	0.425	0.488	0.553
198	0.0	0.015	0.452	0.5	0.579	0.0	0.032	0.476	0.5	0.537	0.0	0.017	0.438	0.457	0.525
369	0.0	0.484	0.525	0.556	0.667	0.0	0.354	0.517	0.548	0.61	0.0	0.2	0.465	0.512	0.595
890	0.0	0.018	0.355	0.41	0.469	0.0	0.017	0.294	0.365	0.419	0.0	0.017	0.333	0.368	0.412
29	0.0	0.019	0.429	0.466	0.526	0.0	0.015	0.367	0.398	0.462	0.018	0.514	0.53	0.579	0.655
304	0.0	0.348	0.506	0.524	0.59	0.0	0.553	0.579	0.636	0.71	0.0	0.465	0.529	0.583	0.656
536	0.0	0.488	0.53	0.563	0.605	0.0	0.02	0.5	0.548	0.611	0.0	0.209	0.467	0.53	0.595
715	0.0	0.46	0.512	0.543	0.622	0.0	0.033	0.489	0.514	0.619	0.0	0.014	0.425	0.454	0.5
669	0.0	0.016	0.432	0.463	0.5	0.0	0.017	0.411	0.463	0.556	0.0	0.011	0.435	0.464	0.526
957	0.0	0.033	0.452	0.487	0.526	0.0	0.016	0.333	0.405	0.462	0.0	0.014	0.415	0.444	0.5
538	0.0	0.243	0.477	0.506	0.564	0.0	0.456	0.548	0.588	0.667	0.0	0.016	0.39	0.452	0.5
956	0.0	0.405	0.471	0.5	0.63	0.0	0.015	0.341	0.395	0.459	0.0	0.0	0.357	0.395	0.425
987	0.0	0.395	0.471	0.5	0.63	0.0	0.017	0.412	0.439	0.514	0.0	0.017	0.372	0.402	0.459
400	0.0	0.049	0.422	0.45	0.559	0.0	0.02	0.405	0.444	0.5	0.0	0.424	0.5	0.533	0.607
359	0.0	0.198	0.439	0.474	0.5	0.0	0.224	0.45	0.514	0.559	0.0	0.034	0.465	0.5	0.645
422	0.0	0.017	0.463	0.476	0.526	0.0	0.019	0.383	0.432	0.548	0.0	0.005	0.378	0.428	0.486
603	0.0	0.376	0.431	0.467	0.538	0.0	0.004	0.378	0.417	0.483	0.0	0.02	0.35	0.4	0.469
386	0.0	0.19	0.432	0.492	0.533	0.0	0.016	0.34	0.381	0.444	0.0	0.0	0.4	0.462	0.515
834	0.0	0.442	0.5	0.529	0.621	0.0	0.428	0.487	0.53	0.621	0.0	0.014	0.41	0.476	0.531
624	0.0	0.018	0.442	0.487	0.525	0.0	0.018	0.398	0.43	0.526	0.0	0.017	0.39	0.433	0.488
662	0.0	0.031	0.463	0.497	0.525	0.0	0.034	0.419	0.462	0.528	0.0	0.225	0.474	0.514	0.576
665	0.0	0.016	0.383	0.421	0.5	0.0	0.024	0.438	0.489	0.548	0.0	0.017	0.483	0.537	0.611
959	0.0	0.016	0.426	0.446	0.489	0.0	0.021	0.456	0.489	0.585	0.0	0.0	0.392	0.439	0.5
626	0.0	0.386	0.457	0.486	0.567	0.0	0.019	0.364	0.429	0.543	0.0	0.02	0.439	0.463	0.571
708	0.0	0.028	0.437	0.468	0.513	0.0	0.017	0.318	0.371	0.436	0.0	0.016	0.413	0.435	0.513
469	0.0	0.0	0.369	0.422	0.485	0.0	0.011	0.343	0.365	0.438	0.0	0.017	0.408	0.454	0.5
495	0.0	0.0	0.405	0.441	0.533	0.0	0.019	0.343	0.375	0.455	0.0	0.014	0.406	0.441	0.485
689	0.0	0.008	0.35	0.39	0.457	0.0	0.017	0.346	0.367	0.484	0.0	0.378	0.429	0.469	0.556
680	0.0	0.0	0.147	0.323	0.35	0.0	0.007	0.3	0.365	0.4	0.0	0.02	0.333	0.378	0.516
944	0.0	0.0	0.325	0.361	0.4	0.0	0.018	0.371	0.406	0.452	0.0	0.019	0.32	0.369	0.516
945	0.0	0.012	0.341	0.407	0.471	0.0	0.016	0.318	0.385	0.417	0.0	0.0	0.31	0.344	0.417
664	0.0	0.017	0.396	0.423	0.5	0.0	0.017	0.51	0.542	0.591	0.0	0.014	0.444	0.481	0.51
12	0.0	0.017	0.289	0.351	0.429	0.0	0.0	0.318	0.357	0.417	0.0	0.0	0.325	0.351	0.412
490	0.0	0.016	0.335	0.396	0.465	0.0	0.0	0.372	0.419	0.514	0.0	0.0	0.388	0.436	0.5
783	0.0	0.031	0.398	0.425	0.488	0.0	0.211	0.465	0.5	0.556	0.0	0.015	0.398	0.432	0.512
990	0.0	0.0	0.139	0.304	0.385	0.0	0.0	0.353	0.406	0.452	0.0	0.0	0.269	0.333	0.389
316	0.0	0.016	0.423	0.488	0.548	0.0	0.018	0.444	0.477	0.535	0.0	0.014	0.424	0.475	0.585
481	0.0	0.201	0.447	0.487	0.594	0.0	0.016	0.422	0.464	0.571	0.0	0.392	0.462	0.493	0.576
589	0.0	0.015	0.403	0.45	0.481	0.0	0.467	0.512	0.558	0.622	0.0	0.023	0.449	0.489	0.545
762	0.0	0.027	0.44	0.468	0.512	0.0	0.0	0.4	0.438	0.49	0.0	0.015	0.408	0.435	0.478
901	0.0	0.396	0.477	0.5	0.583	0.0	0.027	0.457	0.5	0.581	0.0	0.029	0.415	0.457	0.5
401	0.0	0.487	0.522	0.545	0.632	0.0	0.017	0.449	0.503	0.585	0.0	0.196	0.447	0.5	0.537
482	0.0	0.471	0.532	0.554	0.641	0.0	0.014	0.389	0.429	0.5	0.0	0.0	0.446	0.489	0.535
258	0.0	0.0	0.422	0.475	0.512	0.0	0.028	0.421	0.462	0.526	0.0	0.015	0.371	0.419	0.463
790	0.0	0.466	0.51	0.533	0.605	0.0	0.495	0.554	0.587	0.651	0.0	0.022	0.423	0.462	0.532
896	0.0	0.353	0.512	0.535	0.605	0.0	0.017	0.422	0.457	0.553	0.0	0.015	0.5	0.52	0.564
648	0.0	0.0	0.271	0.333	0.361	0.0	0.014	0.426	0.458	0.577	0.0	0.02	0.424	0.469	0.517
847	0.0	0.0	0.288	0.333	0.389	0.0	0.018	0.433	0.469	0.577	0.0	0.0	0.37	0.429	0.469
128	0.0	0.0	0.225	0.3	0.333	0.0	0.0	0.0	0.211	0.281	0.0	0.0	0.262	0.3	0.355
323	0.0	0.015	0.274	0.347	0.393	0.0	0.0	0.021	0.239	0.355	0.0	0.0	0.118	0.254	0.312
81	0.0	0.018	0.463	0.5	0.526	0.0	0.003	0.343	0.374	0.429	0.0	0.015	0.4	0.451	0.5
7	0.0	0.0	0.371	0.408	0.463	0.0	0.025	0.366	0.39	0.472	0.0	0.015	0.37	0.429	0.5
33	0.0	0.014	0.34	0.365	0.405	0.0	0.017	0.375	0.421	0.487	0.0	0.019	0.443	0.5	0.571
807	0.0	0.016	0.459	0.488	0.564	0.0	0.442	0.5	0.541	0.594	0.0	0.481	0.524	0.576	0.676
344	0.0	0.0	0.019	0.255	0.351	0.0	0.0	0.289	0.343	0.429	0.0	0.0	0.145	0.322	0.353
331	0.0	0.01	0.429	0.455	0.55	0.0	0.017	0.432	0.467	0.525	0.0	0.014	0.429	0.458	0.5
696	0.0	0.328	0.447	0.485	0.552	0.0	0.017	0.361	0.395	0.485	0.0	0.0	0.359	0.39	0.471
28	0.0	0.455	0.5	0.532	0.614	0.0	0.36	0.524	0.563	0.617	0.0	0.519	0.583	0.604	0.667
869	0.0	0.202	0.465	0.5	0.579	0.0	0.008	0.37	0.405	0.436	0.0	0.018	0.42	0.479	0.553
272	0.0	0.016	0.337	0.384	0.531	0.0	0.01	0.293	0.364	0.444	0.0	0.097	0.38	0.44	0.517
24	0.0	0.274	0.43	0.463	0.531	0.0	0.304	0.44	0.472	0.515	0.0	0.017	0.388	0.43	0.472
616	0.0	0.019	0.39	0.442	0.486	0.0	0.017	0.409	0.436	0.472	0.0	0.138	0.45	0.481	0.545
318	0.0	0.465	0.529	0.545	0.643	0.0	0.0	0.381	0.425	0.486	0.0	0.0	0.33	0.384	0.432
222	0.0	0.016	0.25	0.275	0.344	0.0	0.012	0.17	0.324	0.364	0.0	0.0	0.017	0.304	0.395
459	0.0	0.405	0.474	0.514	0.6	0.0	0.0	0.367	0.396	0.472	0.0	0.021	0.337	0.371	0.455
544	0.0	0.008	0.429	0.469	0.526	0.0	0.018	0.37	0.407	0.469	0.0	0.019	0.422	0.472	0.514
670	0.0	0.477	0.512	0.55	0.605	0.0	0.015	0.434	0.478	0.522	0.0	0.485	0.524	0.554	0.59
431	0.0	0.016	0.446	0.5	0.568	0.0	0.032	0.442	0.476	0.579	0.0	0.234	0.5	0.532	0.579
966	0.0	0.007	0.341	0.375	0.444	0.0	0.021	0.325	0.365	0.424	0.0	0.019	0.414	0.441	0.484
188	0.0	0.017	0.415	0.44	0.526	0.0	0.032	0.465	0.5	0.564	0.0	0.5	0.525	0.556	0.595
444	0.0	0.0	0.232	0.29	0.357	0.0	0.0	0.177	0.248	0.308	0.0	0.0	0.323	0.35	0.4
152	0.0	0.0	0.415	0.443	0.548	0.0	0.029	0.471	0.515	0.607	0.0	0.018	0.322	0.371	0.41
801	0.0	0.0	0.323	0.37	0.556	0.0	0.014	0.265	0.316	0.4	0.0	0.017	0.044	0.257	0.294
523	0.0	0.016	0.319	0.378	0.5	0.0	0.016	0.333	0.363	0.424	0.0	0.079	0.338	0.375	0.462
973	0.0	0.028	0.51	0.532	0.61	0.0	0.013	0.328	0.386	0.48	0.0	0.02	0.449	0.497	0.535
429	0.0	0.017	0.489	0.511	0.575	0.0	0.0	0.354	0.4	0.45	0.0	0.455	0.538	0.555	0.611
520	0.0	0.014	0.426	0.462	0.511	0.0	0.016	0.5	0.529	0.574	0.0	0.032	0.472	0.511	0.545
802	0.0	0.016	0.319	0.375	0.429	0.0	0.017	0.388	0.413	0.465	0.0	0.015	0.347	0.388	0.442
750	0.0	0.448	0.478	0.524	0.59	0.0	0.52	0.566	0.601	0.667	0.0	0.039	0.444	0.49	0.558
955	0.0	0.013	0.415	0.457	0.535	0.0	0.307	0.489	0.524	0.611	0.0	0.42	0.5	0.525	0.556
51	0.0	0.017	0.366	0.405	0.459	0.0	0.019	0.39	0.437	0.515	0.0	0.019	0.378	0.441	0.469
161	0.0	0.016	0.39	0.431	0.488	0.0	0.0	0.348	0.383	0.462	0.0	0.425	0.472	0.507	0.6
343	0.0	0.0	0.378	0.41	0.472	0.0	0.0	0.341	0.386	0.459	0.0	0.19	0.429	0.477	0.533
719	0.0	0.019	0.379	0.426	0.5	0.0	0.017	0.383	0.42	0.465	0.0	0.462	0.512	0.548	0.595
912	0.0	0.463	0.5	0.528	0.625	0.0	0.013	0.489	0.52	0.61	0.0	0.033	0.477	0.524	0.605
35	0.0	0.018	0.442	0.465	0.526	0.0	0.0	0.346	0.375	0.415	0.0	0.504	0.561	0.578	0.629
876	0.0	0.013	0.326	0.395	0.425	0.0	0.018	0.432	0.453	0.548	0.0	0.05	0.412	0.464	0.515
432	0.0	0.02	0.372	0.403	0.459	0.0	0.019	0.375	0.415	0.487	0.0	0.004	0.391	0.45	0.488
976	0.0	0.0	0.313	0.333	0.407	0.0	0.0	0.389	0.429	0.5	0.0	0.018	0.317	0.368	0.424
361	0.0	0.017	0.451	0.5	0.545	0.0	0.415	0.472	0.5	0.568	0.0	0.022	0.462	0.49	0.558
378	0.0	0.02	0.39	0.42	0.516	0.0	0.321	0.485	0.519	0.63	0.0	0.012	0.348	0.385	0.419
9	0.0	0.479	0.511	0.534	0.628	0.0	0.021	0.481	0.505	0.562	0.0	0.525	0.585	0.607	0.675
176	0.0	0.0	0.333	0.366	0.417	0.0	0.019	0.37	0.414	0.5	0.0	0.414	0.445	0.5	0.6
984	0.0	0.018	0.425	0.459	0.552	0.0	0.015	0.029	0.266	0.333	0.0	0.0	0.305	0.34	0.378
899	0.0	0.0	0.41	0.425	0.472	0.0	0.11	0.439	0.486	0.515	0.0	0.003	0.327	0.372	0.422
189	0.0	0.016	0.448	0.488	0.523	0.0	0.35	0.526	0.554	0.605	0.0	0.015	0.442	0.483	0.531
925	0.0	0.122	0.495	0.531	0.595	0.0	0.473	0.542	0.565	0.628	0.0	0.333	0.48	0.522	0.595
385	0.0	0.0	0.366	0.406	0.5	0.0	0.02	0.389	0.429	0.483	0.0	0.022	0.4	0.468	0.536
552	0.0	0.0	0.229	0.273	0.333	0.0	0.02	0.273	0.323	0.393	0.0	0.346	0.37	0.4	0.429
268	0.0	0.04	0.415	0.463	0.514	0.0	0.403	0.469	0.5	0.567	0.0	0.018	0.391	0.436	0.475
505	0.0	0.016	0.413	0.455	0.476	0.0	0.472	0.514	0.562	0.621	0.0	0.39	0.447	0.486	0.621
866	0.0	0.0	0.229	0.294	0.323	0.0	0.0	0.333	0.375	0.444	0.0	0.018	0.303	0.333	0.417
563	0.0	0.016	0.405	0.425	0.486	0.0	0.0	0.415	0.459	0.529	0.0	0.02	0.405	0.472	0.533
941	0.0	0.011	0.327	0.395	0.444	0.0	0.011	0.358	0.408	0.452	0.0	0.018	0.364	0.409	0.474
732	0.0	0.0	0.275	0.35	0.4	0.0	0.0	0.333	0.371	0.412	0.0	0.022	0.275	0.303	0.343
231	0.0	0.177	0.406	0.434	0.52	0.0	0.0	0.359	0.392	0.433	0.0	0.091	0.333	0.385	0.414
83	0.0	0.016	0.429	0.462	0.529	0.0	0.0	0.405	0.446	0.515	0.0	0.405	0.455	0.5	0.581
560	0.0	0.0	0.235	0.341	0.395	0.0	0.017	0.349	0.39	0.472	0.0	0.0	0.286	0.317	0.395
789	0.0	0.0	0.111	0.255	0.323	0.0	0.016	0.161	0.321	0.382	0.0	0.0	0.276	0.326	0.367
522	0.0	0.015	0.419	0.446	0.487	0.0	0.425	0.467	0.527	0.611	0.0	0.021	0.439	0.463	0.528
192	0.0	0.015	0.41	0.434	0.543	0.0	0.016	0.398	0.447	0.528	0.0	0.014	0.312	0.375	0.422
32	0.0	0.0	0.378	0.421	0.485	0.0	0.016	0.341	0.39	0.457	0.0	0.02	0.351	0.392	0.455
147	0.0	0.017	0.292	0.375	0.432	0.0	0.016	0.4	0.459	0.531	0.0	0.0	0.341	0.368	0.441
380	0.0	0.453	0.513	0.528	0.581	0.0	0.038	0.372	0.412	0.529	0.0	0.0	0.404	0.425	0.487
687	0.0	0.016	0.3	0.352	0.429	0.0	0.102	0.391	0.464	0.556	0.0	0.018	0.295	0.364	0.424
700	0.0	0.368	0.426	0.457	0.533	0.0	0.349	0.406	0.441	0.593	0.0	0.016	0.326	0.381	0.421
166	0.0	0.017	0.476	0.5	0.526	0.0	0.438	0.526	0.55	0.625	0.0	0.032	0.465	0.526	0.588
952	0.0	0.0	0.351	0.368	0.412	0.0	0.017	0.314	0.358	0.394	0.0	0.004	0.155	0.333	0.378
910	0.0	0.018	0.324	0.342	0.375	0.0	0.0	0.324	0.368	0.424	0.0	0.0	0.333	0.375	0.429
964	0.0	0.017	0.35	0.385	0.432	0.0	0.017	0.357	0.375	0.441	0.0	0.016	0.354	0.414	0.469
201	0.0	0.453	0.512	0.538	0.595	0.0	0.012	0.418	0.447	0.538	0.0	0.21	0.5	0.524	0.611
928	0.0	0.031	0.435	0.466	0.568	0.0	0.016	0.419	0.465	0.5	0.0	0.513	0.564	0.611	0.71
472	0.0	0.018	0.391	0.45	0.465	0.0	0.438	0.494	0.539	0.625	0.0	0.012	0.404	0.452	0.5
407	0.0	0.039	0.46	0.489	0.585	0.0	0.015	0.449	0.5	0.59	0.0	0.014	0.4	0.444	0.489
554	0.0	0.014	0.408	0.468	0.535	0.0	0.032	0.432	0.474	0.541	0.0	0.012	0.423	0.471	0.537
139	0.0	0.023	0.398	0.448	0.488	0.0	0.016	0.405	0.451	0.531	0.0	0.004	0.411	0.439	0.514
340	0.0	0.012	0.378	0.439	0.486	0.0	0.017	0.352	0.399	0.5	0.0	0.008	0.374	0.408	0.5
484	0.0	0.017	0.407	0.445	0.5	0.0	0.015	0.359	0.403	0.487	0.0	0.016	0.474	0.487	0.556
977	0.0	0.016	0.415	0.45	0.514	0.0	0.014	0.362	0.413	0.459	0.0	0.019	0.425	0.456	0.5
625	0.0	0.0	0.383	0.4	0.447	0.0	0.008	0.405	0.445	0.541	0.0	0.007	0.378	0.402	0.462
449	0.0	0.399	0.474	0.521	0.576	0.0	0.019	0.455	0.5	0.528	0.0	0.015	0.408	0.455	0.541
19	0.0	0.0	0.317	0.373	0.405	0.0	0.005	0.412	0.448	0.56	0.0	0.004	0.312	0.351	0.438
60	0.0	0.018	0.391	0.429	0.5	0.0	0.011	0.43	0.466	0.543	0.0	0.451	0.5	0.556	0.625
880	0.0	0.019	0.417	0.474	0.552	0.0	0.018	0.343	0.371	0.438	0.0	0.004	0.417	0.447	0.5
577	0.0	0.41	0.448	0.488	0.577	0.0	0.023	0.333	0.378	0.441	0.0	0.017	0.395	0.432	0.485
561	0.0	0.018	0.488	0.525	0.622	0.0	0.019	0.511	0.535	0.605	0.0	0.017	0.388	0.426	0.488
98	0.0	0.207	0.415	0.514	0.594	0.0	0.0	0.388	0.427	0.475	0.0	0.018	0.341	0.378	0.447
197	0.0	0.025	0.439	0.476	0.571	0.0	0.41	0.432	0.486	0.6	0.0	0.341	0.436	0.471	0.545
582	0.0	0.0	0.378	0.4	0.5	0.0	0.0	0.3	0.359	0.389	0.0	0.016	0.353	0.421	0.455
392	0.0	0.019	0.427	0.462	0.516	0.0	0.452	0.5	0.547	0.621	0.0	0.115	0.431	0.5	0.581
37	0.0	0.017	0.385	0.42	0.552	0.0	0.0	0.298	0.349	0.429	0.0	0.015	0.286	0.361	0.417
819	0.0	0.016	0.421	0.456	0.488	0.0	0.422	0.524	0.564	0.657	0.0	0.447	0.512	0.564	0.629
644	0.0	0.0	0.219	0.289	0.344	0.0	0.021	0.343	0.364	0.448	0.0	0.018	0.347	0.375	0.5
437	0.0	0.49	0.51	0.547	0.636	0.0	0.241	0.51	0.549	0.596	0.0	0.017	0.474	0.509	0.549
795	0.0	0.017	0.477	0.503	0.564	0.0	0.019	0.457	0.5	0.568	0.0	0.023	0.5	0.532	0.605
613	0.0	0.017	0.441	0.475	0.513	0.0	0.017	0.26	0.318	0.375	0.0	0.017	0.426	0.452	0.513
2	0.0	0.477	0.512	0.537	0.605	0.0	0.449	0.5	0.547	0.677	0.0	0.477	0.55	0.597	0.667
985	0.0	0.0	0.25	0.333	0.476	0.0	0.0	0.02	0.278	0.344	0.0	0.0	0.043	0.282	0.355
988	0.0	0.018	0.352	0.386	0.467	0.0	0.019	0.4	0.429	0.5	0.0	0.014	0.368	0.417	0.5
531	0.0	0.0	0.395	0.443	0.5	0.0	0.018	0.347	0.382	0.459	0.0	0.13	0.437	0.486	0.6
947	0.0	0.0	0.293	0.333	0.361	0.0	0.025	0.382	0.419	0.5	0.0	0.017	0.31	0.353	0.467
703	0.0	0.019	0.425	0.459	0.531	0.0	0.036	0.368	0.405	0.469	0.0	0.018	0.368	0.404	0.533
69	0.0	0.204	0.439	0.494	0.543	0.0	0.015	0.359	0.403	0.45	0.0	0.016	0.4	0.437	0.475
228	0.0	0.0	0.025	0.295	0.326	0.0	0.017	0.262	0.333	0.412	0.0	0.011	0.269	0.336	0.395
246	0.0	0.0	0.375	0.409	0.514	0.0	0.038	0.459	0.486	0.586	0.0	0.014	0.327	0.378	0.45
311	0.0	0.005	0.475	0.51	0.581	0.0	0.137	0.474	0.52	0.615	0.0	0.465	0.524	0.574	0.632
772	0.0	0.0	0.413	0.446	0.514	0.0	0.014	0.265	0.319	0.372	0.0	0.218	0.452	0.5	0.543
891	0.0	0.411	0.455	0.486	0.545	0.0	0.017	0.377	0.429	0.487	0.0	0.01	0.394	0.434	0.475
636	0.0	0.013	0.4	0.431	0.469	0.0	0.015	0.407	0.438	0.488	0.0	0.038	0.478	0.5	0.545
142	0.0	0.005	0.338	0.369	0.448	0.0	0.0	0.389	0.429	0.5	0.0	0.016	0.333	0.389	0.452
493	0.0	0.018	0.437	0.47	0.556	0.0	0.113	0.464	0.513	0.553	0.018	0.533	0.573	0.629	0.71
548	0.0	0.034	0.435	0.465	0.538	0.0	0.268	0.512	0.537	0.564	0.0	0.199	0.478	0.512	0.595
97	0.0	0.016	0.465	0.5	0.611	0.0	0.016	0.444	0.483	0.524	0.0	0.017	0.465	0.512	0.629
705	0.0	0.381	0.486	0.514	0.6	0.0	0.405	0.471	0.515	0.6	0.0	0.017	0.349	0.388	0.441
995	0.0	0.457	0.489	0.526	0.605	0.0	0.458	0.523	0.543	0.622	0.0	0.5	0.561	0.6	0.641
243	0.0	0.0	0.333	0.379	0.447	0.0	0.018	0.398	0.437	0.529	0.0	0.017	0.334	0.388	0.442
784	0.0	0.041	0.442	0.481	0.562	0.0	0.008	0.354	0.4	0.459	0.0	0.0	0.341	0.398	0.436
814	0.0	0.465	0.529	0.545	0.643	0.0	0.0	0.436	0.48	0.562	0.0	0.019	0.422	0.486	0.548
242	0.0	0.455	0.514	0.554	0.6	0.0	0.018	0.341	0.378	0.444	0.0	0.413	0.441	0.486	0.607
71	0.0	0.336	0.487	0.504	0.556	0.0	0.019	0.465	0.513	0.559	0.0	0.106	0.42	0.461	0.529
527	0.0	0.018	0.417	0.459	0.533	0.0	0.0	0.378	0.409	0.483	0.0	0.438	0.471	0.524	0.621
663	0.0	0.018	0.46	0.511	0.55	0.0	0.022	0.463	0.497	0.548	0.0	0.111	0.461	0.488	0.553
781	0.0	0.018	0.365	0.404	0.486	0.0	0.019	0.436	0.472	0.548	0.0	0.19	0.424	0.463	0.581
290	0.0	0.272	0.391	0.428	0.519	0.0	0.0	0.362	0.402	0.486	0.0	0.032	0.412	0.47	0.515
427	0.0	0.017	0.365	0.402	0.459	0.0	0.005	0.408	0.432	0.516	0.0	0.019	0.441	0.486	0.552
491	0.0	0.004	0.426	0.463	0.538	0.0	0.014	0.421	0.455	0.5	0.0	0.462	0.513	0.548	0.595
950	0.0	0.488	0.512	0.553	0.622	0.0	0.035	0.46	0.51	0.571	0.0	0.443	0.5	0.53	0.622
854	0.0	0.0	0.309	0.369	0.467	0.0	0.0	0.351	0.389	0.448	0.0	0.0	0.391	0.432	0.517
994	0.0	0.034	0.46	0.511	0.595	0.0	0.004	0.494	0.523	0.561	0.0	0.017	0.44	0.489	0.561
372	0.0	0.02	0.405	0.445	0.5	0.0	0.019	0.433	0.474	0.545	0.0	0.032	0.413	0.462	0.514
826	0.0	0.0	0.326	0.356	0.4	0.0	0.015	0.419	0.45	0.487	0.0	0.0	0.367	0.404	0.474
993	0.0	0.0	0.362	0.419	0.5	0.0	0.043	0.453	0.487	0.543	0.0	0.013	0.054	0.333	0.417
770	0.0	0.019	0.446	0.469	0.611	0.0	0.035	0.429	0.464	0.513	0.0	0.016	0.453	0.488	0.525
140	0.0	0.0	0.139	0.304	0.333	0.0	0.018	0.324	0.382	0.424	0.0	0.0	0.277	0.345	0.394
604	0.0	0.033	0.333	0.373	0.4	0.0	0.0	0.324	0.382	0.424	0.0	0.0	0.239	0.308	0.353
346	0.0	0.208	0.462	0.486	0.543	0.0	0.018	0.333	0.405	0.447	0.0	0.015	0.442	0.475	0.528
480	0.0	0.018	0.442	0.465	0.545	0.0	0.017	0.347	0.405	0.487	0.0	0.015	0.336	0.404	0.447
599	0.0	0.0	0.307	0.368	0.455	0.0	0.264	0.438	0.452	0.542	0.0	0.012	0.342	0.4	0.467
337	0.0	0.015	0.413	0.435	0.476	0.0	0.019	0.349	0.408	0.472	0.0	0.018	0.451	0.474	0.543
839	0.0	0.016	0.444	0.477	0.579	0.0	0.223	0.488	0.525	0.579	0.0	0.476	0.525	0.579	0.667
319	0.0	0.02	0.405	0.447	0.515	0.0	0.0	0.341	0.385	0.457	0.0	0.0	0.375	0.417	0.5
474	0.0	0.031	0.5	0.523	0.632	0.0	0.018	0.427	0.477	0.538	0.0	0.016	0.489	0.522	0.59
614	0.0	0.017	0.381	0.416	0.5	0.0	0.0	0.417	0.447	0.531	0.0	0.018	0.375	0.417	0.436
279	0.0	0.019	0.25	0.321	0.474	0.0	0.0	0.25	0.306	0.333	0.0	0.032	0.29	0.311	0.357
897	0.0	0.016	0.327	0.37	0.439	0.0	0.033	0.4	0.439	0.515	0.0	0.017	0.405	0.442	0.545
177	0.0	0.0	0.273	0.344	0.5	0.0	0.0	0.25	0.281	0.308	0.0	0.0	0.235	0.279	0.31
149	0.0	0.012	0.415	0.447	0.5	0.0	0.014	0.41	0.452	0.543	0.0	0.016	0.415	0.452	0.5
379	0.0	0.44	0.479	0.514	0.581	0.0	0.02	0.415	0.443	0.514	0.0	0.018	0.391	0.425	0.462
488	0.0	0.407	0.441	0.461	0.516	0.0	0.015	0.413	0.452	0.541	0.0	0.0	0.367	0.391	0.45
906	0.0	0.434	0.486	0.562	0.613	0.0	0.015	0.432	0.474	0.529	0.0	0.034	0.429	0.454	0.543
441	0.0	0.0	0.374	0.404	0.447	0.0	0.017	0.407	0.439	0.474	0.0	0.005	0.412	0.445	0.5
565	0.0	0.013	0.423	0.456	0.535	0.0	0.519	0.545	0.564	0.688	0.0	0.016	0.4	0.449	0.512
64	0.0	0.0	0.389	0.412	0.469	0.0	0.014	0.389	0.425	0.471	0.0	0.024	0.434	0.473	0.511
86	0.0	0.444	0.488	0.543	0.618	0.0	0.038	0.455	0.5	0.556	0.0	0.442	0.487	0.526	0.645
905	0.0	0.014	0.44	0.479	0.523	0.0	0.306	0.479	0.525	0.575	0.0	0.395	0.435	0.463	0.487
55	0.0	0.017	0.414	0.447	0.528	0.0	0.038	0.415	0.442	0.516	0.0	0.014	0.356	0.39	0.528
545	0.0	0.0	0.362	0.395	0.538	0.0	0.016	0.286	0.325	0.382	0.0	0.0	0.329	0.367	0.438
730	0.0	0.0	0.293	0.342	0.382	0.0	0.0	0.256	0.308	0.371	0.0	0.02	0.262	0.338	0.364
165	0.0	0.474	0.526	0.545	0.645	0.0	0.131	0.488	0.513	0.605	0.0	0.014	0.387	0.438	0.525
356	0.0	0.0	0.378	0.415	0.472	0.0	0.104	0.392	0.427	0.517	0.0	0.021	0.348	0.378	0.448
547	0.0	0.164	0.429	0.47	0.552	0.0	0.02	0.42	0.485	0.533	0.0	0.016	0.294	0.341	0.447
845	0.0	0.011	0.402	0.446	0.513	0.0	0.028	0.443	0.487	0.529	0.0	0.018	0.435	0.465	0.541
353	0.0	0.005	0.246	0.321	0.37	0.0	0.019	0.229	0.294	0.4	0.0	0.009	0.25	0.3	0.346
191	0.0	0.2	0.475	0.5	0.514	0.0	0.007	0.388	0.427	0.488	0.0	0.018	0.465	0.526	0.588
555	0.0	0.018	0.463	0.5	0.526	0.0	0.016	0.388	0.435	0.475	0.0	0.321	0.482	0.531	0.606
203	0.0	0.277	0.417	0.483	0.519	0.0	0.017	0.316	0.362	0.433	0.0	0.0	0.333	0.377	0.406
767	0.0	0.018	0.444	0.5	0.562	0.0	0.0	0.347	0.387	0.447	0.0	0.474	0.5	0.542	0.643
836	0.0	0.405	0.474	0.514	0.6	0.0	0.012	0.367	0.41	0.472	0.0	0.018	0.384	0.455	0.533
951	0.0	0.0	0.203	0.276	0.333	0.0	0.005	0.217	0.275	0.417	0.0	0.009	0.024	0.294	0.345
785	0.0	0.029	0.395	0.439	0.5	0.0	0.0	0.442	0.475	0.571	0.0	0.407	0.488	0.541	0.625
82	0.0	0.0	0.159	0.323	0.39	0.0	0.263	0.418	0.455	0.538	0.0	0.009	0.333	0.377	0.414
913	0.0	0.015	0.349	0.387	0.455	0.0	0.0	0.361	0.378	0.455	0.0	0.016	0.441	0.457	0.517
30	0.0	0.031	0.456	0.478	0.526	0.0	0.443	0.474	0.5	0.581	0.0	0.0	0.414	0.462	0.514
892	0.0	0.023	0.036	0.244	0.312	0.0	0.0	0.094	0.265	0.32	0.0	0.0	0.05	0.258	0.346
682	0.0	0.513	0.553	0.592	0.71	0.0	0.463	0.518	0.537	0.611	0.0	0.506	0.55	0.595	0.636
975	0.0	0.014	0.394	0.426	0.55	0.0	0.427	0.506	0.545	0.595	0.0	0.513	0.553	0.611	0.71
112	0.0	0.477	0.538	0.568	0.611	0.0	0.027	0.391	0.442	0.474	0.0	0.4	0.467	0.538	0.6
684	0.0	0.0	0.348	0.381	0.421	0.0	0.188	0.41	0.444	0.485	0.0	0.0	0.37	0.395	0.45
800	0.0	0.017	0.477	0.5	0.561	0.0	0.485	0.513	0.554	0.677	0.0	0.504	0.557	0.572	0.629
972	0.0	0.018	0.123	0.31	0.435	0.0	0.0	0.286	0.313	0.4	0.0	0.0	0.017	0.266	0.303
787	0.0	0.004	0.282	0.331	0.394	0.0	0.0	0.351	0.389	0.438	0.0	0.022	0.424	0.467	0.519
403	0.0	0.018	0.422	0.45	0.488	0.0	0.0	0.465	0.513	0.559	0.0	0.09	0.42	0.462	0.529
416	0.0	0.017	0.435	0.459	0.524	0.0	0.0	0.355	0.409	0.452	0.0	0.425	0.487	0.538	0.618
215	0.0	0.0	0.233	0.3	0.367	0.0	0.02	0.294	0.323	0.435	0.0	0.019	0.25	0.305	0.385
728	0.0	0.049	0.338	0.369	0.406	0.0	0.0	0.32	0.351	0.467	0.0	0.078	0.344	0.387	0.429
160	0.0	0.014	0.453	0.5	0.568	0.0	0.016	0.433	0.465	0.537	0.0	0.203	0.439	0.481	0.576
566	0.0	0.0	0.325	0.357	0.395	0.0	0.02	0.297	0.351	0.389	0.0	0.0	0.158	0.337	0.395
413	0.0	0.0	0.36	0.401	0.455	0.0	0.008	0.326	0.37	0.459	0.0	0.011	0.301	0.359	0.4
674	0.0	0.016	0.347	0.391	0.442	0.0	0.032	0.452	0.488	0.571	0.0	0.019	0.439	0.494	0.568
40	0.0	0.0	0.018	0.304	0.341	0.0	0.311	0.471	0.489	0.607	0.0	0.019	0.412	0.47	0.515
241	0.0	0.018	0.378	0.418	0.472	0.0	0.364	0.444	0.492	0.607	0.0	0.022	0.342	0.385	0.5
22	0.0	0.004	0.392	0.429	0.516	0.0	0.0	0.333	0.364	0.432	0.0	0.018	0.408	0.457	0.548
634	0.0	0.457	0.489	0.512	0.595	0.0	0.395	0.468	0.517	0.622	0.0	0.457	0.511	0.545	0.6
79	0.0	0.43	0.469	0.5	0.562	0.0	0.0	0.327	0.365	0.405	0.0	0.0	0.419	0.457	0.5
487	0.0	0.0	0.299	0.356	0.406	0.0	0.018	0.311	0.361	0.4	0.0	0.0	0.263	0.329	0.368
978	0.0	0.511	0.545	0.571	0.667	0.0	0.398	0.489	0.535	0.649	0.0	0.009	0.393	0.432	0.469
500	0.0	0.024	0.454	0.5	0.548	0.0	0.476	0.524	0.565	0.639	0.0	0.016	0.407	0.44	0.489
137	0.0	0.0	0.05	0.302	0.35	0.0	0.0	0.225	0.308	0.412	0.025	0.339	0.418	0.468	0.591
803	0.0	0.004	0.035	0.25	0.333	0.0	0.0	0.02	0.256	0.294	0.0	0.0	0.324	0.361	0.4
145	0.0	0.0	0.342	0.382	0.452	0.0	0.0	0.341	0.371	0.412	0.0	0.017	0.338	0.386	0.424
144	0.0	0.0	0.02	0.254	0.36	0.0	0.0	0.281	0.328	0.4	0.0	0.0	0.021	0.24	0.273
970	0.0	0.022	0.421	0.459	0.586	0.0	0.0	0.351	0.398	0.436	0.0	0.017	0.36	0.401	0.429
440	0.0	0.019	0.444	0.472	0.586	0.0	0.015	0.451	0.485	0.571	0.0	0.016	0.303	0.346	0.385
701	0.0	0.02	0.325	0.361	0.424	0.0	0.019	0.325	0.376	0.469	0.0	0.014	0.36	0.39	0.438
737	0.0	0.018	0.429	0.464	0.5	0.0	0.46	0.514	0.555	0.621	0.0	0.4	0.447	0.486	0.567
136	0.0	0.031	0.38	0.42	0.552	0.0	0.038	0.395	0.455	0.552	0.0	0.019	0.341	0.42	0.485
623	0.0	0.016	0.371	0.411	0.452	0.0	0.017	0.415	0.464	0.528	0.0	0.02	0.409	0.459	0.514
817	0.0	0.013	0.408	0.438	0.489	0.0	0.315	0.478	0.512	0.564	0.0	0.243	0.5	0.543	0.641
366	0.0	0.016	0.337	0.387	0.441	0.0	0.004	0.32	0.342	0.4	0.0	0.016	0.364	0.41	0.457
811	0.0	0.256	0.442	0.472	0.552	0.0	0.018	0.421	0.444	0.533	0.0	0.0	0.342	0.39	0.432
360	0.0	0.558	0.585	0.61	0.667	0.0	0.385	0.479	0.513	0.632	0.0	0.435	0.5	0.546	0.6
95	0.0	0.016	0.4	0.436	0.5	0.0	0.11	0.477	0.513	0.579	0.0	0.324	0.5	0.551	0.639
425	0.0	0.017	0.452	0.469	0.524	0.0	0.467	0.537	0.583	0.71	0.0	0.339	0.5	0.541	0.622
175	0.0	0.014	0.464	0.491	0.571	0.0	0.013	0.482	0.518	0.6	0.0	0.238	0.52	0.555	0.636
709	0.0	0.016	0.451	0.489	0.545	0.0	0.015	0.429	0.463	0.523	0.0	0.015	0.45	0.479	0.561
260	0.0	0.026	0.432	0.464	0.513	0.0	0.05	0.439	0.503	0.543	0.0	0.008	0.413	0.439	0.514
886	0.0	0.017	0.378	0.4	0.45	0.0	0.016	0.388	0.419	0.553	0.0	0.0	0.409	0.454	0.513
881	0.0	0.439	0.5	0.526	0.611	0.0	0.03	0.409	0.443	0.475	0.0	0.456	0.5	0.558	0.657
88	0.0	0.0	0.036	0.235	0.4	0.0	0.0	0.02	0.242	0.3	0.0	0.0	0.018	0.184	0.222
685	0.0	0.011	0.297	0.345	0.379	0.0	0.0	0.312	0.375	0.458	0.0	0.0	0.297	0.333	0.367
399	0.0	0.018	0.396	0.43	0.486	0.0	0.017	0.415	0.462	0.528	0.0	0.015	0.394	0.45	0.525
118	0.0	0.017	0.471	0.506	0.561	0.0	0.474	0.533	0.577	0.615	0.0	0.014	0.455	0.487	0.523
352	0.0	0.248	0.406	0.428	0.483	0.0	0.103	0.409	0.439	0.519	0.0	0.022	0.405	0.441	0.517
763	0.0	0.0	0.417	0.457	0.595	0.0	0.016	0.438	0.479	0.525	0.0	0.017	0.461	0.515	0.568
650	0.0	0.4	0.441	0.469	0.556	0.0	0.016	0.341	0.372	0.486	0.0	0.013	0.369	0.4	0.438
476	0.0	0.0	0.435	0.453	0.538	0.0	0.0	0.397	0.451	0.487	0.0	0.018	0.409	0.452	0.528
741	0.0	0.01	0.395	0.408	0.425	0.0	0.015	0.373	0.411	0.477	0.0	0.016	0.419	0.465	0.529
934	0.0	0.428	0.48	0.51	0.581	0.0	0.51	0.54	0.581	0.636	0.0	0.234	0.528	0.555	0.604
861	0.0	0.021	0.443	0.484	0.556	0.0	0.015	0.42	0.456	0.488	0.0	0.018	0.457	0.487	0.6
485	0.0	0.479	0.522	0.545	0.632	0.0	0.015	0.333	0.384	0.447	0.0	0.036	0.375	0.413	0.452
828	0.0	0.018	0.429	0.459	0.543	0.0	0.432	0.5	0.528	0.571	0.0	0.016	0.419	0.455	0.541
99	0.0	0.008	0.211	0.296	0.355	0.0	0.0	0.103	0.258	0.31	0.0	0.0	0.271	0.319	0.367
537	0.0	0.018	0.02	0.243	0.375	0.0	0.0	0.25	0.29	0.4	0.0	0.0	0.019	0.297	0.333
315	0.0	0.012	0.422	0.466	0.528	0.0	0.0	0.391	0.429	0.476	0.0	0.039	0.348	0.372	0.432
540	0.0	0.03	0.306	0.342	0.394	0.0	0.009	0.4	0.445	0.538	0.0	0.283	0.431	0.471	0.577
489	0.0	0.017	0.325	0.359	0.4	0.0	0.0	0.224	0.321	0.433	0.0	0.0	0.0	0.243	0.333
707	0.0	0.019	0.412	0.462	0.514	0.0	0.0	0.349	0.368	0.441	0.0	0.304	0.431	0.461	0.643
383	0.0	0.0	0.262	0.297	0.355	0.0	0.0	0.018	0.293	0.351	0.0	0.016	0.298	0.333	0.361
713	0.0	0.017	0.413	0.442	0.512	0.0	0.043	0.465	0.494	0.525	0.0	0.016	0.459	0.512	0.59
11	0.0	0.018	0.351	0.4	0.519	0.0	0.026	0.369	0.394	0.481	0.0	0.018	0.329	0.367	0.438
546	0.0	0.375	0.475	0.525	0.618	0.0	0.0	0.383	0.404	0.442	0.0	0.494	0.54	0.583	0.677
103	0.0	0.019	0.432	0.465	0.512	0.0	0.476	0.545	0.586	0.649	0.0	0.478	0.545	0.565	0.622
541	0.0	0.457	0.514	0.538	0.667	0.0	0.231	0.488	0.525	0.579	0.0	0.015	0.442	0.489	0.55
833	0.0	0.016	0.449	0.478	0.535	0.0	0.022	0.456	0.489	0.59	0.0	0.336	0.477	0.512	0.561
756	0.0	0.017	0.456	0.478	0.545	0.0	0.454	0.523	0.554	0.622	0.0	0.029	0.385	0.414	0.465
374	0.0	0.011	0.355	0.379	0.48	0.0	0.308	0.394	0.444	0.545	0.0	0.0	0.039	0.26	0.294
376	0.0	0.0	0.402	0.435	0.515	0.0	0.017	0.386	0.421	0.487	0.0	0.108	0.447	0.481	0.545
77	0.0	0.108	0.445	0.483	0.545	0.0	0.0	0.386	0.415	0.447	0.0	0.018	0.371	0.404	0.474
194	0.0	0.0	0.031	0.207	0.25	0.0	0.0	0.021	0.207	0.29	0.0	0.0	0.258	0.311	0.385
962	0.0	0.477	0.525	0.548	0.622	0.0	0.028	0.433	0.466	0.579	0.0	0.02	0.5	0.524	0.568
549	0.0	0.017	0.325	0.357	0.405	0.0	0.0	0.333	0.376	0.484	0.0	0.005	0.382	0.416	0.448
146	0.0	0.019	0.471	0.511	0.571	0.0	0.51	0.558	0.591	0.65	0.0	0.014	0.434	0.469	0.49
308	0.0	0.016	0.353	0.389	0.519	0.0	0.0	0.394	0.424	0.519	0.0	0.027	0.3	0.324	0.387
409	0.0	0.0	0.3	0.35	0.412	0.0	0.0	0.342	0.378	0.424	0.0	0.004	0.383	0.448	0.5
73	0.0	0.017	0.362	0.447	0.514	0.0	0.45	0.514	0.545	0.621	0.0	0.017	0.337	0.373	0.429
958	0.0	0.0	0.302	0.343	0.419	0.0	0.015	0.317	0.35	0.389	0.0	0.396	0.464	0.5	0.565
408	0.0	0.015	0.466	0.482	0.562	0.0	0.03	0.482	0.51	0.571	0.0	0.462	0.526	0.558	0.614
72	0.0	0.023	0.352	0.39	0.429	0.0	0.281	0.353	0.429	0.545	0.0	0.0	0.02	0.243	0.31
619	0.0	0.0	0.375	0.406	0.455	0.0	0.019	0.394	0.444	0.484	0.0	0.0	0.359	0.406	0.452
683	0.0	0.016	0.414	0.446	0.5	0.0	0.02	0.35	0.391	0.424	0.0	0.0	0.3	0.364	0.41
237	0.0	0.0	0.116	0.281	0.333	0.0	0.0	0.019	0.216	0.3	0.0	0.0	0.02	0.273	0.321
618	0.0	0.0	0.224	0.303	0.357	0.0	0.017	0.283	0.363	0.5	0.0	0.0	0.229	0.303	0.37
512	0.0	0.019	0.475	0.5	0.556	0.0	0.017	0.348	0.415	0.472	0.0	0.017	0.39	0.412	0.476
167	0.0	0.0	0.195	0.288	0.321	0.0	0.0	0.225	0.289	0.391	0.0	0.0	0.134	0.293	0.333
788	0.0	0.0	0.312	0.349	0.395	0.0	0.017	0.387	0.436	0.545	0.0	0.028	0.403	0.448	0.533
602	0.0	0.0	0.338	0.359	0.4	0.0	0.0	0.28	0.343	0.444	0.0	0.0	0.211	0.308	0.393
716	0.0	0.007	0.021	0.31	0.359	0.0	0.004	0.361	0.409	0.455	0.0	0.013	0.135	0.281	0.342
34	0.0	0.297	0.443	0.485	0.533	0.0	0.0	0.333	0.39	0.457	0.0	0.005	0.413	0.459	0.5
151	0.0	0.018	0.37	0.421	0.514	0.0	0.408	0.459	0.508	0.607	0.0	0.016	0.329	0.379	0.444
199	0.0	0.0	0.025	0.217	0.27	0.0	0.0	0.25	0.29	0.4	0.0	0.0	0.017	0.259	0.324
678	0.0	0.018	0.463	0.488	0.541	0.0	0.012	0.33	0.381	0.45	0.0	0.339	0.494	0.513	0.588
742	0.0	0.016	0.34	0.398	0.486	0.0	0.0	0.337	0.37	0.444	0.0	0.016	0.352	0.385	0.436
420	0.0	0.0	0.417	0.434	0.5	0.0	0.212	0.455	0.5	0.556	0.0	0.033	0.426	0.5	0.556
873	0.0	0.024	0.438	0.472	0.523	0.0	0.015	0.469	0.511	0.575	0.0	0.004	0.436	0.479	0.535
232	0.0	0.456	0.5	0.527	0.629	0.0	0.513	0.55	0.58	0.636	0.0	0.015	0.39	0.406	0.463
516	0.0	0.315	0.452	0.487	0.571	0.0	0.028	0.478	0.5	0.564	0.0	0.191	0.465	0.512	0.595
204	0.0	0.122	0.406	0.435	0.5	0.0	0.019	0.357	0.387	0.452	0.0	0.0	0.348	0.405	0.457
853	0.0	0.017	0.395	0.425	0.514	0.0	0.0	0.327	0.365	0.439	0.0	0.0	0.411	0.449	0.5
74	0.0	0.0	0.317	0.37	0.474	0.0	0.0	0.429	0.457	0.516	0.0	0.014	0.333	0.368	0.409
917	0.0	0.018	0.381	0.429	0.475	0.0	0.0	0.4	0.452	0.514	0.0	0.017	0.453	0.497	0.541
627	0.0	0.0	0.342	0.378	0.412	0.0	0.018	0.392	0.429	0.536	0.0	0.0	0.333	0.4	0.438
863	0.0	0.571	0.598	0.628	0.674	0.0	0.481	0.51	0.548	0.605	0.0	0.429	0.51	0.536	0.619
296	0.017	0.425	0.486	0.5	0.581	0.0	0.014	0.427	0.453	0.543	0.0	0.011	0.337	0.375	0.4
96	0.0	0.447	0.494	0.526	0.629	0.0	0.429	0.456	0.475	0.514	0.0	0.0	0.412	0.458	0.523
278	0.0	0.008	0.37	0.415	0.459	0.0	0.366	0.457	0.5	0.586	0.0	0.013	0.357	0.399	0.484
271	0.0	0.0	0.395	0.45	0.562	0.0	0.012	0.419	0.463	0.515	0.0	0.013	0.352	0.367	0.421
992	0.0	0.018	0.47	0.5	0.611	0.0	0.0	0.346	0.396	0.447	0.0	0.222	0.5	0.544	0.629
320	0.0	0.019	0.4	0.443	0.514	0.0	0.0	0.381	0.429	0.5	0.0	0.032	0.462	0.513	0.556
809	0.0	0.017	0.361	0.405	0.517	0.0	0.012	0.333	0.39	0.5	0.0	0.25	0.375	0.427	0.5
735	0.0	0.414	0.46	0.5	0.548	0.0	0.574	0.595	0.628	0.684	0.0	0.015	0.44	0.484	0.511
124	0.0	0.349	0.483	0.511	0.59	0.0	0.119	0.469	0.52	0.615	0.0	0.033	0.469	0.511	0.558
297	0.0	0.008	0.35	0.423	0.485	0.0	0.021	0.361	0.429	0.469	0.0	0.0	0.294	0.341	0.41
692	0.0	0.464	0.5	0.531	0.581	0.0	0.004	0.385	0.431	0.514	0.0	0.453	0.5	0.527	0.606
581	0.0	0.004	0.311	0.357	0.389	0.0	0.02	0.339	0.382	0.419	0.0	0.022	0.262	0.301	0.355
306	0.0	0.0	0.31	0.368	0.415	0.0	0.432	0.477	0.515	0.607	0.0	0.0	0.017	0.33	0.386
259	0.0	0.012	0.375	0.424	0.517	0.0	0.0	0.394	0.433	0.5	0.0	0.0	0.318	0.372	0.444
606	0.0	0.01	0.374	0.413	0.477	0.0	0.049	0.426	0.456	0.538	0.0	0.449	0.488	0.544	0.676
313	0.0	0.028	0.472	0.489	0.55	0.0	0.018	0.477	0.511	0.568	0.0	0.017	0.409	0.472	0.55
209	0.0	0.0	0.318	0.357	0.405	0.0	0.483	0.516	0.548	0.68	0.0	0.394	0.484	0.5	0.552
477	0.0	0.016	0.363	0.396	0.444	0.0	0.353	0.417	0.455	0.5	0.0	0.391	0.453	0.496	0.571
105	0.0	0.014	0.46	0.49	0.558	0.0	0.537	0.575	0.618	0.758	0.0	0.046	0.488	0.511	0.553
300	0.0	0.0	0.41	0.447	0.515	0.0	0.237	0.434	0.474	0.586	0.0	0.0	0.309	0.359	0.421
539	0.0	0.5	0.535	0.567	0.641	0.0	0.477	0.533	0.565	0.619	0.0	0.0	0.418	0.453	0.5
879	0.0	0.015	0.412	0.44	0.478	0.0	0.117	0.49	0.536	0.585	0.0	0.029	0.468	0.522	0.55
367	0.0	0.5	0.531	0.565	0.65	0.0	0.041	0.472	0.5	0.542	0.0	0.036	0.51	0.559	0.596
759	0.0	0.0	0.271	0.324	0.351	0.0	0.0	0.312	0.371	0.412	0.0	0.0	0.12	0.281	0.333
810	0.0	0.015	0.167	0.333	0.415	0.0	0.0	0.395	0.436	0.515	0.0	0.017	0.417	0.446	0.485
578	0.0	0.209	0.449	0.488	0.538	0.0	0.02	0.455	0.489	0.533	0.0	0.457	0.511	0.545	0.59
888	0.0	0.019	0.419	0.447	0.462	0.0	0.064	0.415	0.48	0.514	0.0	0.019	0.436	0.474	0.545
44	0.0	0.114	0.467	0.5	0.571	0.0	0.015	0.433	0.476	0.523	0.0	0.062	0.495	0.533	0.643
236	0.0	0.464	0.5	0.53	0.605	0.0	0.537	0.581	0.618	0.758	0.0	0.017	0.42	0.457	0.5
818	0.0	0.009	0.395	0.43	0.5	0.0	0.017	0.385	0.429	0.484	0.0	0.313	0.471	0.504	0.621
397	0.0	0.032	0.481	0.5	0.578	0.0	0.014	0.436	0.462	0.509	0.0	0.347	0.54	0.565	0.622
302	0.0	0.293	0.316	0.371	0.4	0.0	0.028	0.263	0.325	0.4	0.0	0.0	0.348	0.387	0.423
15	0.0	0.019	0.286	0.362	0.379	0.0	0.013	0.253	0.302	0.387	0.0	0.0	0.31	0.347	0.379
851	0.0	0.019	0.297	0.31	0.389	0.0	0.018	0.412	0.455	0.538	0.0	0.0	0.359	0.413	0.484
221	0.0	0.35	0.412	0.438	0.5	0.0	0.026	0.4	0.447	0.545	0.0	0.0	0.326	0.379	0.436
775	0.0	0.0	0.289	0.333	0.361	0.0	0.037	0.384	0.421	0.5	0.0	0.0	0.32	0.336	0.394
457	0.0	0.015	0.375	0.4	0.438	0.0	0.467	0.5	0.526	0.6	0.0	0.486	0.535	0.564	0.59
47	0.0	0.033	0.481	0.5	0.571	0.0	0.473	0.542	0.565	0.659	0.0	0.016	0.454	0.49	0.511
852	0.0	0.017	0.468	0.489	0.548	0.0	0.426	0.5	0.548	0.6	0.0	0.447	0.511	0.545	0.59
496	0.0	0.016	0.363	0.401	0.444	0.0	0.0	0.273	0.349	0.405	0.0	0.017	0.389	0.425	0.5
608	0.0	0.018	0.425	0.475	0.576	0.0	0.487	0.514	0.569	0.655	0.0	0.016	0.306	0.341	0.395
615	0.0	0.09	0.391	0.435	0.577	0.0	0.038	0.409	0.451	0.571	0.0	0.0	0.155	0.335	0.385
848	0.0	0.448	0.483	0.533	0.577	0.0	0.018	0.326	0.39	0.455	0.0	0.043	0.366	0.421	0.533
656	0.0	0.0	0.291	0.342	0.371	0.0	0.0	0.28	0.341	0.4	0.0	0.016	0.299	0.346	0.394
494	0.0	0.0	0.416	0.462	0.526	0.0	0.02	0.455	0.476	0.525	0.0	0.009	0.348	0.4	0.474
434	0.0	0.407	0.431	0.483	0.536	0.0	0.019	0.394	0.438	0.5	0.0	0.115	0.439	0.496	0.593
249	0.0	0.459	0.5	0.541	0.667	0.0	0.014	0.466	0.489	0.55	0.0	0.0	0.408	0.455	0.525
568	0.0	0.0	0.324	0.355	0.48	0.0	0.019	0.333	0.372	0.469	0.0	0.017	0.329	0.368	0.441
856	0.0	0.017	0.246	0.278	0.364	0.0	0.0	0.259	0.308	0.364	0.0	0.0	0.241	0.288	0.348
786	0.32	0.417	0.474	0.5	0.556	0.0	0.0	0.016	0.265	0.294	0.0	0.0	0.257	0.29	0.333
743	0.0	0.018	0.409	0.465	0.541	0.0	0.004	0.442	0.475	0.513	0.0	0.432	0.5	0.538	0.618
292	0.0	0.0	0.309	0.369	0.467	0.0	0.019	0.412	0.429	0.5	0.0	0.017	0.316	0.364	0.424
704	0.0	0.0	0.329	0.377	0.455	0.0	0.007	0.298	0.352	0.387	0.0	0.0	0.31	0.342	0.382
288	0.0	0.008	0.02	0.208	0.257	0.0	0.0	0.184	0.27	0.36	0.0	0.004	0.269	0.312	0.367
384	0.0	0.0	0.375	0.405	0.441	0.0	0.016	0.341	0.393	0.436	0.0	0.017	0.37	0.416	0.488
117	0.0	0.0	0.405	0.43	0.531	0.0	0.101	0.441	0.469	0.556	0.0	0.016	0.375	0.421	0.472
607	0.0	0.011	0.376	0.417	0.477	0.0	0.434	0.488	0.514	0.571	0.0	0.004	0.365	0.407	0.486
284	0.0	0.02	0.436	0.459	0.586	0.0	0.293	0.437	0.462	0.533	0.0	0.016	0.417	0.436	0.459
736	0.0	0.0	0.415	0.45	0.475	0.0	0.0	0.383	0.429	0.475	0.0	0.0	0.413	0.44	0.514
49	0.0	0.0	0.023	0.283	0.324	0.0	0.018	0.022	0.258	0.357	0.0	0.019	0.129	0.292	0.323
813	0.0	0.0	0.233	0.318	0.367	0.0	0.021	0.216	0.303	0.37	0.0	0.0	0.278	0.323	0.379
911	0.0	0.0	0.378	0.421	0.485	0.0	0.0	0.346	0.385	0.455	0.0	0.363	0.441	0.481	0.517
875	0.0	0.465	0.516	0.545	0.643	0.0	0.019	0.444	0.48	0.562	0.0	0.014	0.407	0.476	0.531
868	0.0	0.0	0.391	0.429	0.475	0.0	0.432	0.487	0.528	0.594	0.0	0.026	0.388	0.41	0.472
760	0.0	0.0	0.329	0.365	0.438	0.0	0.023	0.374	0.428	0.5	0.0	0.014	0.348	0.41	0.457
426	0.0	0.015	0.337	0.396	0.444	0.0	0.011	0.345	0.4	0.471	0.0	0.015	0.345	0.401	0.429
647	0.0	0.0	0.369	0.409	0.485	0.0	0.014	0.338	0.353	0.429	0.0	0.018	0.421	0.457	0.517
6	0.0	0.494	0.541	0.569	0.71	0.0	0.409	0.488	0.513	0.568	0.0	0.017	0.426	0.463	0.528
402	0.0	0.018	0.022	0.229	0.312	0.0	0.0	0.018	0.233	0.259	0.0	0.0	0.024	0.252	0.296
591	0.0	0.018	0.466	0.5	0.611	0.0	0.017	0.435	0.465	0.5	0.0	0.017	0.467	0.512	0.579
123	0.0	0.02	0.303	0.361	0.393	0.0	0.146	0.296	0.36	0.435	0.0	0.0	0.018	0.25	0.297
940	0.0	0.013	0.338	0.376	0.412	0.0	0.0	0.326	0.389	0.447	0.0	0.0	0.35	0.404	0.444
843	0.0	0.018	0.343	0.4	0.483	0.0	0.0	0.351	0.389	0.433	0.0	0.017	0.326	0.387	0.441
171	0.0	0.015	0.431	0.461	0.523	0.0	0.479	0.519	0.555	0.636	0.0	0.222	0.5	0.522	0.615
183	0.0	0.0	0.343	0.382	0.52	0.0	0.0	0.333	0.366	0.438	0.0	0.008	0.361	0.4	0.483
592	0.0	0.021	0.386	0.439	0.545	0.0	0.019	0.421	0.459	0.548	0.0	0.018	0.375	0.406	0.459
723	0.0	0.0	0.293	0.334	0.414	0.0	0.009	0.3	0.361	0.481	0.0	0.021	0.288	0.388	0.5
831	0.0	0.0	0.343	0.365	0.414	0.0	0.0	0.017	0.228	0.294	0.0	0.0	0.244	0.317	0.407
503	0.0	0.0	0.389	0.42	0.5	0.0	0.027	0.389	0.442	0.469	0.0	0.188	0.438	0.478	0.552
101	0.0	0.046	0.49	0.526	0.595	0.0	0.218	0.457	0.494	0.553	0.0	0.016	0.449	0.5	0.548
438	0.0	0.017	0.44	0.484	0.541	0.0	0.447	0.473	0.528	0.581	0.0	0.021	0.462	0.475	0.541
630	0.0	0.016	0.434	0.47	0.532	0.0	0.462	0.533	0.548	0.632	0.0	0.028	0.477	0.521	0.571
796	0.0	0.0	0.288	0.351	0.378	0.0	0.02	0.424	0.452	0.583	0.0	0.0	0.389	0.441	0.484
132	0.0	0.54	0.579	0.623	0.71	0.0	0.463	0.488	0.525	0.583	0.0	0.014	0.349	0.38	0.426
460	0.0	0.017	0.39	0.429	0.5	0.0	0.0	0.4	0.432	0.516	0.0	0.004	0.345	0.368	0.457
922	0.0	0.018	0.362	0.4	0.538	0.0	0.0	0.342	0.374	0.438	0.0	0.018	0.293	0.324	0.382
830	0.0	0.188	0.412	0.449	0.516	0.0	0.019	0.382	0.406	0.484	0.0	0.0	0.378	0.432	0.469
643	0.0	0.019	0.262	0.303	0.37	0.0	0.015	0.35	0.399	0.462	0.0	0.02	0.345	0.393	0.429
933	0.0	0.018	0.045	0.255	0.303	0.0	0.017	0.028	0.192	0.281	0.0	0.015	0.04	0.306	0.367
844	0.0	0.018	0.128	0.308	0.435	0.0	0.004	0.144	0.302	0.4	0.0	0.0	0.294	0.333	0.357
428	0.0	0.018	0.489	0.524	0.575	0.0	0.015	0.429	0.478	0.537	0.0	0.033	0.512	0.548	0.59
54	0.0	0.016	0.442	0.482	0.526	0.0	0.018	0.413	0.444	0.553	0.0	0.0	0.417	0.476	0.526
173	0.0	0.012	0.319	0.385	0.486	0.0	0.016	0.409	0.447	0.5	0.0	0.017	0.37	0.413	0.475
849	0.0	0.362	0.425	0.485	0.529	0.0	0.102	0.423	0.461	0.543	0.0	0.017	0.365	0.4	0.439
791	0.0	0.297	0.385	0.414	0.571	0.0	0.0	0.325	0.351	0.419	0.0	0.0	0.295	0.341	0.4
671	0.0	0.017	0.372	0.42	0.536	0.0	0.44	0.5	0.553	0.615	0.0	0.011	0.31	0.391	0.452
219	0.0	0.03	0.427	0.466	0.526	0.0	0.326	0.481	0.517	0.588	0.0	0.456	0.471	0.52	0.615
621	0.0	0.0	0.333	0.368	0.452	0.0	0.0	0.333	0.371	0.481	0.0	0.004	0.354	0.414	0.469
439	0.0	0.016	0.167	0.348	0.432	0.0	0.314	0.429	0.467	0.577	0.0	0.017	0.161	0.316	0.405
812	0.0	0.0	0.37	0.421	0.472	0.0	0.019	0.375	0.423	0.5	0.0	0.005	0.413	0.459	0.5
746	0.0	0.017	0.419	0.463	0.529	0.0	0.019	0.36	0.395	0.457	0.0	0.021	0.403	0.455	0.533
276	0.0	0.017	0.417	0.444	0.533	0.0	0.0	0.405	0.438	0.516	0.0	0.017	0.395	0.436	0.486
110	0.0	0.0	0.316	0.361	0.438	0.0	0.423	0.45	0.483	0.5	0.0	0.0	0.378	0.441	0.5
593	0.0	0.0	0.02	0.263	0.316	0.0	0.0	0.018	0.262	0.333	0.0	0.0	0.043	0.311	0.343
543	0.0	0.018	0.342	0.371	0.452	0.0	0.033	0.394	0.438	0.5	0.0	0.0	0.318	0.375	0.424
295	0.0	0.0	0.333	0.39	0.467	0.0	0.022	0.364	0.389	0.433	0.0	0.0	0.412	0.452	0.519
832	0.0	0.014	0.429	0.469	0.568	0.0	0.022	0.461	0.497	0.537	0.0	0.014	0.449	0.494	0.564
600	0.0	0.472	0.529	0.561	0.72	0.0	0.016	0.386	0.427	0.474	0.0	0.017	0.357	0.39	0.425
857	0.0	0.248	0.488	0.512	0.676	0.0	0.018	0.477	0.512	0.564	0.0	0.008	0.432	0.46	0.5
542	0.0	0.009	0.405	0.433	0.5	0.0	0.0	0.018	0.326	0.375	0.0	0.0	0.3	0.325	0.4
286	0.0	0.0	0.342	0.375	0.455	0.0	0.008	0.368	0.419	0.455	0.0	0.0	0.337	0.398	0.444
364	0.0	0.0	0.337	0.371	0.483	0.0	0.015	0.356	0.395	0.485	0.0	0.016	0.033	0.31	0.4
168	0.0	0.029	0.291	0.306	0.4	0.0	0.0	0.02	0.248	0.296	0.0	0.0	0.022	0.258	0.296
556	0.0	0.017	0.375	0.408	0.533	0.0	0.018	0.365	0.404	0.5	0.0	0.019	0.368	0.415	0.5
575	0.0	0.015	0.43	0.472	0.548	0.0	0.0	0.326	0.374	0.444	0.0	0.42	0.454	0.504	0.6
617	0.0	0.034	0.333	0.379	0.462	0.0	0.011	0.323	0.379	0.444	0.0	0.025	0.294	0.331	0.355
882	0.0	0.0	0.305	0.333	0.5	0.0	0.0	0.033	0.237	0.303	0.0	0.0	0.022	0.263	0.297
475	0.0	0.0	0.351	0.397	0.484	0.0	0.017	0.382	0.423	0.483	0.0	0.405	0.483	0.5	0.593
