0	1	39	52	71	121	141	391	403	422	423	476	681	697	765	798	808	824	842	872	899	909
2	13	87	90	95	269	304	307	313	328	416	425	446	465	508	510	536	538	588	654	819	841	915	949	959
3	9	18	28	41	130	170	175	184	285	321	339	367	373	397	408	437	528	586	635	714	729	757	764	820	863	919	934	936	954	981
4	42	55	180	200	242	278	340	459	531	640	686	695	707	745	746	767	793	836	897
5	45	89	126	188	217	235	251	331	349	371	431	442	455	491	534	706	719	724	770	774	857	918	983
6	97	153	324	448	451	493	524	535	541	546	591	605	665	725	743	763	832	839	902	928	931	975	992
7	33	84	185	206	255	296	320	347	351	379	384	399	412	432	579	694	766	772	785	805	871
8	61	69	79	133	155	268	372	438	456	484	544	623	720	731	751	849	853	891	917	977	989
10	11	119	183	263	308	523	545	568	666	672	676	699	791	816	922
12	147	230	233	256	297	342	394	460	542	547	560	696	716	721	780	858	945
14	21	36	48	85	116	117	152	250	276	378	390	418	440	447	467	497	530	614
15	93	135	282	302	310	344	445	529	585	593	668	685	803
16	140	227	228	229	570	581	604	680	730	759	878	944	947	980	990
17	23	58	118	157	213	395	454	457	471	559	578	584	589	611	636	663	670	673	690	762	827	852	860	879	905
19	53	220	225	244	273	336	492	501	532	540	564	627	648	712	796	847
20	47	76	129	131	146	189	196	212	257	261	262	264	270	298	355	362	414	452	464	520	539	664	735	790	864	914	925	967
22	366	388	469	495	517	577	590	596	632	647	650	880	895	913	926	966	984
24	59	67	77	113	186	205	254	314	326	329	376	441	462	513	587	616	684	823	826
25	143	161	202	208	312	315	382	406	410	468	488	551	583	612	658	802	835	845	868	960	993
26	74	92	195	271	284	305	322	478	557	592	600	717	742	761	850	956	970	979	987
27	144	177	279	698	786	801	844	846	882	972	985
29	122	125	139	219	260	291	338	359	363	377	419	458	505	597	625	736	737	741	822	888	997
30	54	60	81	148	150	166	191	258	281	472	555	610	624	646	652	662	674	754	865	886	935
31	104	112	238	316	420	554	594	606	628	642	645	667	783	797	807	837	862	869	881	884	932	937	946	991
32	34	51	151	218	221	306	345	413	426	436	700	734	788	810	812	830	911	930
35	201	266	275	303	332	405	428	429	435	474	479	486	688	711	722	739	752	795	800	893	894	896	955	962
37	136	272	364	439	556	595	615	620	638	671	687	718	726	740	809	848	968
38	50	75	127	182	197	211	243	287	299	348	365	481	490	567	608	637	794	867	900	942	963
40	114	115	209	246	290	327	333	343	396	427	527	633	811	818	876	953	974	996
43	101	159	171	172	216	224	253	274	301	357	361	393	404	500	507	562	641	709	750	753	771	833	873	916	950	982
44	64	94	100	103	120	134	252	330	453	470	499	526	622	630	655	677	715	744	756	776	777	817	901	924	995	999
46	57	73	98	107	111	158	173	193	226	277	325	483	519	525	629	855	906	921	938	941
49	99	123	128	199	215	288	323	444	537	660	813	933
56	142	179	207	222	292	294	599	603	651	659	691	851	854	859	883	976
62	156	176	241	247	300	319	350	356	415	433	498	509	575	631	675	703	733	877
63	68	138	341	368	450	463	553	576	644	789	792	804	821	998
65	91	149	239	283	334	337	346	380	512	522	613	626	669	678	692	708	778	799	825	840	957
66	82	106	280	358	424	466	504	549	656	701	728	775	889	943	971
70	72	137	210	374	489	569	602	723	738	755	831	838	929	939
78	110	234	259	295	354	385	409	434	475	543	571	572	768	787	843	958
80	96	132	198	232	249	335	369	502	516	548	561	565	574	601	679	682	713	749	773	782	904	912	965	994
83	162	192	240	317	318	386	392	400	480	563	705	758	769	781	784	814	834	875	948
86	102	160	165	265	267	381	443	449	461	494	521	533	550	607	649	657	727	747	828	861	870	887
88	168	402	598	661	702	710	856	874	892
105	109	124	164	190	214	236	245	248	311	360	375	387	401	407	430	482	485	511	514	573	609	634	653	923	973	978
108	154	181	352	421	518	621	689	815	829	910	920	927	952	961	964	988
145	178	203	231	289	383	398	417	487	558	580	693	704	732	898	986
163	174	204	286	370	411	473	477	496	503	566	582	619	683	760	890	907	940
167	169	194	223	237	353	389	506	618	639	908	951
187	293	309	515	552	617	643	748	779	806	866	885	903	969
