771	772	1796	774	7	263	780	525	783	1040	17	1808	1555	1044	1809	1815	792	1821	1311	1313	1827	1572	295	1590	1591	567	63	1093	1098	1626	95	1120	611	99	1637	616	1129	1644	624	1138	1139	1656	1147	123	637	1661	124	1664	1149	1662	132	644	1672	1164	1677	140	1168	657	1681	1683	659	1174	663	925	1181	159	162	1192	1197	1711	181	1213	704	1216	1220	711	201	203	1751	1241	731	1762	741	1253	746	237	1272	766
1542	1030	1286	1287	269	1295	529	785	791	25	1305	1563	1569	545	1829	550	1575	1576	1064	41	1320	556	1069	810	1839	304	1073	305	567	572	575	67	584	587	1101	1102	589	82	1627	1122	618	1649	1141	1142	1144	635	1152	132	647	651	1677	1686	151	1690	669	671	1187	163	172	1213	710	722	1748	1749	1758	1248	1249	737	227	239	242	1268	246	758	1273	255
771	772	1796	774	7	263	780	525	783	1040	17	1808	1555	1044	1809	1815	1572	1590	1591	567	63	1093	1098	1626	95	1120	611	99	1637	616	1129	1644	624	1138	1139	1656	1147	123	637	1661	124	1664	1149	1662	132	644	1672	1164	1677	140	1168	657	1681	1683	659	1174	663	925	1181	159	162	1192	1197	1711	181	1213	704	1216	1220	711	201	203	1751	1241	731	1762	741	1253	746	237	1272	766
1542	1030	1286	1287	269	1295	529	785	791	25	1305	1563	1569	545	1829	550	1575	1576	1064	41	1320	556	1069	810	1839	304	1073	305	567	572	575	67	584	587	1101	1102	589	82	1627	1122	618	1649	1141	1142	1144	635	1152	132	647	651	1677	1686	151	1690	669	671	1187	163	172	1213	710	722	1748	1749	1758	1248	1249	737	227	239	242	1268	246	758	1273	255
771	772	1796	774	7	263	780	525	783	1040	17	1808	1555	1044	1809	1815	792	1821	1311	1313	1572	1590	1591	567	63	1093	1098	1626	95	1120	611	99	1637	616	1129	1644	624	1138	1139	1656	1147	123	637	1661	124	1664	1149	1662	132	644	1672	1164	1677	140	1168	657	1681	1683	659	1174	663	925	1181	159	162	1192	1197	1711	181	1213	704	1216	1220	711	201	203	1751	1241	731	1762	741	1253	746	237	1272	766
771	772	1796	774	7	263	780	525	783	1040	17	1808	1555	1044	1809	1815	1572	1590	1591	567	63	1093	1098	1626	95	1120	611	99	1637	616	1129	1644	624	1138	1139	1656	1147	123	637	1661	124	1664	1149	1662	132	644	1672	1164	1677	140	1168	657	1681	1683	659	1174	663	925	1181	159	162	1192	1197	1711	181	1213	704	1216	1220	711	201	203	1751	1241	731	1762	741	1253	746	237	1272	766
1542	1030	1286	1287	269	1295	529	785	791	25	1305	1563	1569	545	1829	550	1575	1576	1064	41	1320	556	1069	810	1839	304	1073	305	309	567	1847	572	575	67	584	587	1101	1102	589	82	1627	1122	618	1649	1141	1142	1144	635	1152	132	647	651	1677	1686	151	1690	669	671	1187	163	172	1213	710	722	1748	1749	1758	1248	1249	737	227	239	242	1268	246	758	1273	255
771	772	1796	774	7	263	780	525	783	1040	17	1808	1555	1044	1809	1815	1572	1590	1591	567	63	1093	1098	1626	95	1120	611	99	1637	616	1129	1644	624	1138	1139	1656	1147	123	637	1661	124	1664	1149	1662	132	644	1672	1164	1677	140	1168	657	1681	1683	659	1174	663	925	1181	159	162	1192	1197	1711	181	1213	704	1216	1220	711	201	203	1751	1241	731	1762	741	1253	746	237	1272	766
771	772	1796	774	7	263	780	525	783	1040	17	1808	1555	1044	1809	1815	792	1821	1311	1313	1572	1590	1591	567	63	1093	1098	1626	95	1120	611	99	1637	616	1129	1644	624	1138	1139	1656	1147	123	637	1661	124	1664	1149	1662	132	644	1672	1164	1677	140	1168	657	1681	1683	659	1174	663	925	1181	159	162	1192	1197	1711	181	1213	704	1216	1220	711	201	203	1751	1241	731	1762	741	1253	746	237	1272	766
1542	1030	1286	1287	269	1295	529	785	791	25	1305	1563	1569	545	1829	550	1575	1576	1064	41	1320	556	1069	810	1839	304	1073	305	567	572	575	67	584	587	1101	1102	589	82	1627	1122	618	1649	1141	1142	1144	635	1152	132	647	651	1677	1686	151	1690	669	671	1187	163	172	1213	710	722	1748	1749	1758	1248	1249	737	227	239	242	1268	246	758	1273	255
1542	1030	1286	1287	269	1295	529	785	791	25	1305	1563	1569	545	1829	550	1575	1576	1064	41	1320	556	1069	810	1839	304	1073	305	309	567	1847	572	575	67	584	587	1101	1102	589	82	1627	1122	618	1649	1141	1142	1144	635	1152	132	647	651	1677	1686	151	1690	669	671	1187	163	172	1213	710	722	1748	1749	1758	1248	1249	737	227	239	242	1268	246	758	1273	255
1542	1030	1286	1287	269	1295	529	785	791	25	1305	1563	1569	545	1829	550	1575	1576	1064	41	1320	556	1069	810	1839	304	1073	305	309	567	1847	572	575	67	584	587	1101	1102	589	82	1627	1122	618	1649	1141	1142	1144	635	1152	132	647	651	1677	1686	151	1690	669	671	1187	163	172	1213	710	722	1748	1749	1758	1248	1249	737	227	239	242	1268	246	758	1273	255
771	772	1796	774	7	263	780	525	783	1040	17	1808	1555	1044	1809	1815	792	1821	1311	1313	1572	1590	1591	567	63	1093	1098	1626	95	1120	611	99	1637	616	1129	1644	624	1138	1139	1656	1147	123	637	1661	124	1664	1149	1662	132	644	1672	1164	1677	140	1168	657	1681	1683	659	1174	663	925	1181	159	162	1192	1197	1711	181	1213	704	1216	1220	711	201	203	1751	1241	731	1762	741	1253	746	237	1272	766
771	772	1796	774	7	263	780	525	783	1040	17	1808	1555	1044	1809	1815	1572	1590	1591	567	63	1093	1098	1626	95	1120	611	99	1637	616	1129	1644	624	1138	1139	1656	1147	123	637	1661	124	1664	1149	1662	132	644	1672	1164	1677	140	1168	657	1681	1683	659	1174	663	925	1181	159	162	1192	1197	1711	181	1213	704	1216	1220	711	201	203	1751	1241	731	1762	741	1253	746	237	1272	766
771	772	1796	774	7	263	780	525	783	1040	17	1808	1555	1044	1809	1815	792	1821	1311	1313	1572	1590	1591	567	63	1093	1098	1626	95	1120	611	99	1637	616	1129	1644	624	1138	1139	1656	1147	123	637	1661	124	1664	1149	1662	132	644	1672	1164	1677	140	1168	657	1681	1683	659	1174	663	925	1181	159	162	1192	1197	1711	181	1213	704	1216	1220	711	201	203	1751	1241	731	1762	741	1253	746	237	1272	766
771	772	1796	774	7	263	780	525	783	1040	17	1808	1555	1044	1809	1815	792	1821	1311	1313	1827	1572	295	1590	1591	567	63	1093	1098	1626	95	1120	611	99	1637	616	1129	1644	624	1138	1139	1656	1147	123	637	1661	124	1664	1149	1662	132	644	1672	1164	1677	140	1168	657	1681	1683	659	1174	663	925	1181	159	162	1192	1197	1711	181	1213	704	1216	1220	711	201	203	1751	1241	731	1762	741	1253	746	237	1272	766
1542	1030	1286	1287	269	1295	529	785	791	25	1305	1563	1569	545	1829	550	1575	1576	1064	41	1320	556	1069	810	1839	304	1073	305	309	567	1847	572	575	67	584	587	1101	1102	589	82	1627	1122	618	1649	1141	1142	1144	635	1152	132	647	651	1677	1686	151	1690	669	671	1187	163	172	1213	710	722	1748	1749	1758	1248	1249	737	227	239	242	1268	246	758	1273	255
1542	1030	1286	1287	269	1295	529	785	791	25	1305	1563	1569	545	1829	550	1575	1576	1064	41	1320	556	1069	810	1839	304	1073	305	309	567	1847	572	575	67	584	587	1101	1102	589	82	1627	1122	618	1649	1141	1142	1144	635	1152	132	647	651	1677	1686	151	1690	669	671	1187	163	172	1213	710	722	1748	1749	1758	1248	1249	737	227	239	242	1268	246	758	1273	255
771	772	1796	774	7	263	780	525	783	1040	17	1808	1555	1044	1809	1815	792	1821	1311	1313	1827	1572	295	1590	1591	567	63	1093	1098	1626	95	1120	611	99	1637	616	1129	1644	624	1138	1139	1656	1147	123	637	1661	124	1664	1149	1662	132	644	1672	1164	1677	140	1168	657	1681	1683	659	1174	663	925	1181	159	162	1192	1197	1711	181	1213	704	1216	1220	711	201	203	1751	1241	731	1762	741	1253	746	237	1272	766
771	772	1796	774	7	263	780	525	783	1040	17	1808	1555	1044	1809	1815	792	1821	1311	1313	1572	1590	1591	567	63	1093	1098	1626	95	1120	611	99	1637	616	1129	1644	624	1138	1139	1656	1147	123	637	1661	124	1664	1149	1662	132	644	1672	1164	1677	140	1168	657	1681	1683	659	1174	663	925	1181	159	162	1192	1197	1711	181	1213	704	1216	1220	711	201	203	1751	1241	731	1762	741	1253	746	237	1272	766
771	772	1796	774	7	263	780	525	783	1040	17	1808	1555	1044	1809	1815	792	1821	1311	1313	1572	1590	1591	567	63	1093	1098	1626	95	1120	611	99	1637	616	1129	1644	624	1138	1139	1656	1147	123	637	1661	124	1664	1149	1662	132	644	1672	1164	1677	140	1168	657	1681	1683	659	1174	663	925	1181	159	162	1192	1197	1711	181	1213	704	1216	1220	711	201	203	1751	1241	731	1762	741	1253	746	237	1272	766
771	772	1796	774	7	263	780	525	783	1040	17	1808	1555	1044	1809	1815	792	1821	1311	1313	1827	1572	295	1590	1591	567	63	1093	1098	1626	95	1120	611	99	1637	616	1129	1644	624	1138	1139	1656	1147	123	637	1661	124	1664	1149	1662	132	644	1672	1164	1677	140	1168	657	1681	1683	659	1174	663	925	1181	159	162	1192	1197	1711	181	1213	704	1216	1220	711	201	203	1751	1241	731	1762	741	1253	746	237	1272	766
771	772	1796	774	7	263	780	525	783	1040	17	1808	1555	1044	1809	1815	792	1821	1311	1313	1572	1590	1591	567	63	1093	1098	1626	95	1120	611	99	1637	616	1129	1644	624	1138	1139	1656	1147	123	637	1661	124	1664	1149	1662	132	644	1672	1164	1677	140	1168	657	1681	1683	659	1174	663	925	1181	159	162	1192	1197	1711	181	1213	704	1216	1220	711	201	203	1751	1241	731	1762	741	1253	746	237	1272	766
771	772	1796	774	7	263	780	525	783	1040	17	1808	1555	1044	1809	1815	792	1821	1311	1313	1572	1590	1591	567	63	1093	1098	1626	95	1120	611	99	1637	616	1129	1644	624	1138	1139	1656	1147	123	637	1661	124	1664	1149	1662	132	644	1672	1164	1677	140	1168	657	1681	1683	659	1174	663	925	1181	159	162	1192	1197	1711	181	1213	704	1216	1220	711	201	203	1751	1241	731	1762	741	1253	746	237	1272	766
1542	1030	1286	1287	269	1295	529	785	791	25	1305	1563	1569	545	1829	550	1575	1576	1064	41	1320	556	1069	810	1839	304	1073	305	567	572	575	67	584	587	1101	1102	589	82	1627	1122	618	1649	1141	1142	1144	635	1152	132	647	651	1677	1686	151	1690	669	671	1187	163	172	1213	710	722	1748	1749	1758	1248	1249	737	227	239	242	1268	246	758	1273	255
