827	830
82	676
13	88
151	281
192	319
189	573
895	964
344	861
77	746
600	787
125	265
130	609
75	673
572	725
209	902
295	676
503	854
930	958
47	574
470	677
333	968
294	451
165	566
693	722
101	810
142	619
44	47
450	735
59	850
804	967
389	725
389	496
53	510
688	792
581	666
880	962
405	440
391	505
219	987
470	569
27	228
612	918
156	638
376	907
183	741
68	525
73	869
174	921
716	975
595	685
366	633
531	966
4	217
448	931
83	281
570	628
14	410
363	564
616	744
542	795
239	757
220	515
748	900
244	872
533	746
230	974
247	389
552	988
1	885
610	966
683	690
175	220
287	461
639	849
92	222
42	630
176	859
528	752
137	867
555	626
734	857
560	741
467	513
54	869
343	743
86	821
34	631
917	978
595	698
488	572
493	687
400	459
111	356
308	870
108	287
46	641
970	989
421	518
352	647
546	927
140	239
613	688
780	865
769	972
263	346
686	937
231	771
119	301
413	519
537	814
817	868
354	878
569	766
94	244
85	424
527	540
766	822
199	940
488	585
933	935
743	811
261	542
118	493
467	647
123	837
164	838
458	827
306	958
264	961
224	367
583	943
657	892
118	843
641	884
379	655
107	196
21	947
819	927
184	416
235	381
138	943
279	653
265	489
330	655
99	722
641	776
11	609
742	828
103	841
571	946
120	781
386	900
501	887
67	137
624	957
99	843
462	666
682	898
121	373
24	440
5	161
371	484
271	546
362	664
510	599
183	204
255	309
754	959
196	897
158	376
545	785
177	389
72	107
61	443
503	559
216	502
436	734
417	492
362	556
95	441
307	849
367	900
680	973
246	610
92	143
622	897
589	720
797	898
88	438
198	798
63	610
132	215
299	392
137	559
560	662
216	623
772	841
202	688
175	851
101	865
554	847
141	449
358	972
122	170
306	516
655	670
405	495
179	677
10	639
404	795
197	465
422	849
496	798
408	685
12	685
769	893
191	687
22	878
149	919
438	793
42	564
372	439
102	349
286	924
93	529
179	569
354	570
285	470
436	868
269	462
577	578
141	691
375	629
158	631
254	339
130	798
438	685
88	801
465	522
542	742
63	744
794	963
159	452
11	288
164	301
241	521
573	994
347	917
158	752
502	525
177	994
364	820
212	463
262	809
778	874
167	986
143	363
308	696
24	937
459	865
197	828
49	701
21	639
945	987
86	997
683	987
917	925
265	999
4	406
699	702
333	581
228	299
192	642
33	60
21	760
452	946
221	296
59	463
671	990
432	479
330	468
569	713
32	774
445	943
52	194
618	871
186	194
409	697
562	939
268	492
259	938
534	877
501	700
99	656
407	772
16	887
296	941
659	764
222	726
92	882
276	474
395	425
111	895
205	530
372	707
31	148
930	934
701	882
98	552
525	656
492	708
411	783
557	837
230	479
78	610
21	76
513	767
40	89
661	665
50	777
840	933
96	893
36	613
872	885
190	262
11	785
121	428
489	595
874	894
188	603
749	899
367	605
446	898
224	785
480	482
927	942
292	431
416	726
9	79
267	603
420	845
538	837
450	724
276	608
293	740
205	893
485	947
246	436
3	678
94	567
228	796
181	455
184	726
222	981
693	832
593	894
211	563
538	729
515	974
269	275
702	837
196	965
270	914
438	727
135	689
360	807
69	106
500	558
15	809
684	904
629	968
117	268
100	624
210	984
941	974
667	671
470	800
682	979
420	979
662	741
127	168
10	815
192	563
478	920
841	972
76	351
315	404
320	748
788	853
479	741
424	805
61	753
658	743
121	804
168	879
97	181
102	525
40	815
81	587
163	922
254	286
89	707
512	810
713	800
424	926
369	761
102	646
778	929
445	985
272	276
40	707
315	875
829	867
507	816
488	574
144	764
226	574
773	972
59	168
0	756
280	810
3	7
187	582
555	749
720	816
145	585
379	523
477	829
67	931
2	307
122	601
411	475
34	754
722	862
70	936
567	988
364	888
386	418
704	993
196	523
449	703
297	346
252	832
99	361
252	603
11	248
134	813
497	636
170	241
469	537
69	832
518	695
611	886
0	998
578	709
41	770
798	978
8	593
657	773
22	262
75	125
104	826
121	241
590	948
557	771
125	885
185	670
83	888
647	701
518	816
443	642
522	935
407	719
42	69
627	988
61	82
720	950
219	668
198	316
328	840
240	727
6	560
400	716
334	362
41	783
94	609
641	778
346	830
186	612
153	960
538	771
689	940
240	848
9	952
793	997
688	715
55	802
449	958
886	959
27	969
397	539
302	679
93	276
571	840
362	666
513	835
96	961
262	435
146	260
266	325
87	848
307	851
582	790
255	432
174	736
172	397
210	689
204	615
259	322
262	556
85	923
448	746
47	402
313	787
800	905
32	279
25	91
579	677
505	728
123	397
68	461
16	271
515	921
232	569
655	672
218	634
3	746
438	674
295	625
66	802
811	919
454	618
373	693
151	580
189	872
27	56
376	964
612	975
68	582
49	340
744	865
260	752
119	813
513	969
110	993
336	518
322	620
321	395
16	284
81	642
801	968
111	521
190	814
713	855
116	636
391	575
938	973
437	691
679	978
574	696
701	737
38	164
576	742
72	714
908	986
732	989
413	455
50	403
234	978
79	875
440	588
546	984
665	935
766	987
365	414
134	518
208	467
328	532
474	586
732	881
279	347
919	973
432	589
74	881
220	706
789	863
173	594
269	827
62	763
290	361
235	425
620	761
446	645
224	532
644	889
234	991
129	709
757	766
27	661
379	820
632	771
115	481
20	658
166	712
18	319
279	589
754	882
840	922
437	946
223	428
197	964
379	712
558	943
544	779
203	486
356	728
194	895
309	653
188	592
274	366
532	890
7	22
248	902
471	651
333	946
112	718
57	553
340	841
73	497
274	487
124	728
69	792
383	659
402	672
267	484
103	790
515	963
441	785
174	670
895	955
231	975
633	955
765	845
448	909
575	721
907	965
115	736
255	487
205	895
143	983
48	157
172	223
416	849
228	798
33	559
322	433
41	154
220	385
915	947
5	231
101	693
381	976
269	277
301	495
292	675
199	447
314	922
214	984
231	399
728	976
487	621
693	726
352	396
288	906
123	344
307	919
642	909
100	626
549	681
375	794
375	565
535	554
755	786
834	850
283	976
713	789
451	560
368	791
165	691
239	640
896	910
321	450
376	911
147	822
741	743
138	450
33	922
470	923
124	286
198	989
55	186
65	874
767	917
734	740
546	918
458	576
26	882
117	283
29	399
265	935
820	928
78	291
229	689
69	471
280	920
25	401
491	874
126	187
7	532
306	828
452	882
4	234
597	977
0	758
41	530
108	291
51	952
371	930
871	987
315	769
34	756
189	364
227	656
625	931
430	692
542	933
113	756
233	592
351	813
277	598
375	941
235	372
226	818
534	934
245	831
210	544
75	356
715	945
830	932
641	767
233	713
849	945
508	652
219	549
93	144
184	528
604	885
824	888
736	775
199	836
39	847
782	891
196	767
41	893
330	767
624	948
22	385
93	265
15	611
428	780
290	550
343	413
73	323
372	885
353	606
213	303
17	428
330	888
435	904
204	254
830	945
613	947
164	855
409	888
249	670
502	850
45	611
89	388
130	426
677	824
176	542
102	327
346	724
217	839
327	445
781	881
142	665
54	552
515	910
361	443
3	735
416	904
118	981
415	679
308	553
248	273
84	845
547	606
132	327
192	378
137	442
596	956
152	979
320	563
36	804
171	440
591	797
314	748
336	507
162	620
556	776
33	506
179	789
24	915
184	904
280	383
82	627
706	720
164	171
169	515
389	555
664	723
246	735
106	166
267	794
704	795
809	848
874	977
211	633
395	979
730	969
174	980
153	628
48	346
180	502
14	469
456	585
506	931
261	346
211	754
371	743
835	847
238	628
357	579
145	171
365	403
444	467
282	405
903	981
359	625
567	803
317	628
50	284
335	416
780	803
128	877
458	752
274	931
477	765
447	859
15	182
20	526
433	695
295	990
59	225
584	864
88	926
243	534
410	711
294	765
90	477
2	593
425	467
263	634
683	991
502	650
796	868
455	575
157	652
551	808
14	832
671	873
251	287
316	645
75	290
13	644
335	658
321	760
104	762
136	714
43	486
263	526
82	185
768	927
9	875
372	698
680	814
224	534
210	370
110	432
237	473
261	830
402	540
517	527
555	819
252	781
761	887
613	760
478	535
824	943
276	586
276	357
102	958
353	540
69	781
784	992
283	481
742	766
38	650
38	421
387	538
198	373
103	550
115	604
356	730
254	948
147	327
251	650
330	943
399	548
564	881
58	255
641	835
527	962
599	838
387	430
409	943
371	422
6	738
207	728
515	615
45	666
624	787
800	949
406	564
318	717
767	772
450	836
610	825
362	723
4	786
348	559
241	433
480	715
812	959
149	615
283	844
286	849
88	376
621	839
115	738
101	803
403	616
730	782
292	556
297	900
171	495
116	559
283	736
677	892
424	446
622	956
663	728
368	780
487	731
239	400
698	951
510	900
491	621
582	739
480	957
298	980
325	854
48	51
633	970
89	806
719	744
383	795
691	911
551	608
448	924
575	965
281	518
616	737
547	903
607	917
115	980
54	970
183	626
34	274
240	342
47	701
322	677
649	806
165	693
46	513
662	745
390	811
582	981
194	347
278	755
336	696
556	965
129	632
253	927
487	865
519	817
238	575
26	884
516	748
1	73
152	471
231	764
8	463
247	516
346	458
664	804
669	882
620	697
74	938
3	240
153	709
507	941
235	482
89	953
340	535
861	944
28	943
205	347
671	820
416	530
335	605
272	522
226	820
133	592
152	605
284	761
932	945
335	726
402	487
176	181
374	425
370	949
93	146
48	898
244	544
153	951
543	877
482	601
279	538
532	718
298	551
413	538
740	896
41	895
668	993
401	420
310	790
800	883
63	361
428	782
138	949
64	734
413	888
36	901
77	444
531	651
75	371
168	562
291	898
2	795
29	898
263	836
216	724
101	508
109	369
513	947
408	665
251	718
292	490
199	262
696	839
313	778
184	893
5	396
354	550
25	82
104	375
202	681
59	898
343	428
348	735
95	326
169	275
141	442
36	914
633	904
108	790
691	845
226	257
811	910
143	222
401	783
186	858
57	973
63	495
887	905
395	968
367	906
114	460
34	208
397	785
89	632
479	558
52	750
781	896
63	616
178	337
54	796
274	799
320	686
655	905
581	727
6	230
322	732
575	912
360	987
258	976
160	404
509	558
695	977
27	289
26	818
246	858
226	391
484	915
47	877
23	291
261	348
104	630
173	235
49	694
412	517
197	592
343	912
38	47
141	926
787	808
391	808
110	300
528	813
187	520
25	458
71	345
155	982
2	474
400	520
317	751
625	867
418	803
421	808
421	579
269	710
409	461
562	703
469	475
185	716
592	811
27	773
89	190
94	305
145	765
169	893
277	655
43	259
469	596
37	939
493	990
914	983
243	778
518	754
784	873
219	835
544	891
222	611
731	754
763	935
207	488
157	896
754	886
330	824
232	252
237	367
495	891
132	839
522	994
295	308
38	652
222	961
208	834
216	658
529	889
152	902
334	650
432	956
430	883
72	384
366	602
215	958
402	555
355	709
622	824
503	607
219	848
520	776
888	943
148	150
146	306
299	548
326	947
90	145
40	553
620	899
124	961
628	723
320	378
499	609
504	953
149	496
572	599
751	830
23	91
314	563
66	727
33	550
85	740
88	257
267	488
14	42
395	902
496	725
56	160
369	620
24	851
146	319
800	843
244	854
700	905
132	155
445	615
670	962
755	777
130	725
204	674
130	496
462	969
157	333
374	856
415	857
303	387
74	564
65	744
41	158
321	441
574	621
381	980
35	343
117	153
251	907
292	908
180	438
264	580
78	161
674	680
247	384
49	628
338	502
351	441
136	516
771	798
568	964
144	636
283	980
479	626
685	731
107	754
795	862
822	965
266	747
269	523
293	880
48	295
53	639
540	986
20	462
89	821
345	747
419	467
652	675
542	803
108	282
662	868
66	285
486	642
128	934
30	362
692	976
491	986
664	914
287	927
777	791
1	75
37	523
312	462
754	807
119	296
47	945
88	983
430	454
877	914
82	939
236	588
752	919
249	527
488	809
942	979
567	873
418	750
36	419
352	884
462	527
85	311
126	312
10	137
576	814
447	929
347	991
796	817
40	245
105	640
67	119
14	781
638	645
165	950
710	750
99	825
696	815
536	597
300	586
21	942
516	884
161	427
235	376
689	812
59	416
620	712
119	430
339	433
344	548
292	358
443	527
258	481
20	838
268	674
109	358
821	823
174	258
224	604
401	651
337	895
464	707
221	720
353	610
81	151
210	790
196	892
416	895
457	667
223	500
154	895
195	667
575	659
527	911
406	621
216	726
469	906
629	895
334	718
119	564
210	911
191	669
499	785
600	837
719	788
204	608
75	494
111	151
4	25
195	559
322	600
83	89
809	947
602	654
327	449
258	844
478	847
552	796
87	962
505	721
665	673
821	957
936	944
581	716
760	947
237	677
171	323
897	952
542	724
0	441
681	839
10	634
202	804
491	678
577	681
269	336
136	221
292	963
503	917
883	909
468	667
98	868
146	387
65	691
99	275
475	791
593	968
266	573
546	856
558	681
389	909
117	450
236	401
444	579
843	850
58	809
345	573
47	650
69	409
74	753
382	869
46	920
330	450
643	681
214	238
351	509
783	920
26	712
141	928
409	450
581	971
562	692
433	807
551	799
193	300
518	622
201	686
473	879
335	649
402	410
247	573
808	869
76	654
203	237
180	748
829	928
221	520
147	305
364	828
18	191
279	461
83	586
33	994
863	926
47	74
439	864
477	890
208	702
636	883
245	998
224	646
559	636
163	407
160	661
775	934
104	766
286	477
236	885
38	412
296	936
134	874
15	428
391	944
113	707
195	480
71	710
24	598
502	896
139	844
68	375
78	834
460	936
513	762
77	609
724	945
130	472
228	549
374	603
392	886
492	595
423	724
538	711
175	659
684	765
142	482
450	598
4	777
95	141
55	971
339	501
719	722
96	780
297	770
108	605
144	262
108	834
825	889
28	87
43	853
698	821
502	909
837	899
386	963
802	878
7	378
246	660
284	952
677	883
503	730
698	942
519	674
598	967
59	955
123	216
403	499
80	748
61	506
341	789
910	946
781	832
225	614
538	845
393	427
384	607
274	735
241	558
581	892
378	563
61	627
140	920
148	515
0	388
275	327
385	687
385	458
426	496
183	738
706	779
656	958
250	270
334	907
678	680
339	985
356	400
829	849
194	338
311	923
56	404
372	381
97	176
9	329
415	980
382	803
19	751
547	907
349	397
113	386
271	972
32	461
154	158
505	910
431	695
453	454
711	978
29	392
375	800
287	687
521	625
518	556
248	695
41	631
200	395
48	297
56	875
653	865
18	354
498	991
451	916
253	931
239	767
182	233
734	975
271	985
753	988
544	585
301	864
122	596
20	585
1	306
465	935
279	287
542	926
509	749
13	811
89	126
121	344
668	742
71	523
580	629
62	703
648	763
699	994
96	701
349	881
872	922
61	185
140	478
66	300
250	875
219	542
126	314
167	352
866	878
833	930
35	950
717	755
87	359
111	716
246	352
643	991
130	177
223	368
715	830
42	64
88	180
458	945
128	481
108	768
495	948
195	427
30	848
236	953
483	830
161	550
417	476
105	884
34	186
210	671
536	841
770	779
234	247
60	94
63	365
142	658
211	263
138	953
298	905
214	911
262	430
200	784
85	797
621	777
524	844
279	784
91	962
177	507
144	559
600	610
116	497
121	612
470	729
459	836
54	787
257	621
324	382
361	449
22	983
512	618
80	924
369	798
262	672
718	723
69	277
248	508
327	801
547	841
115	918
51	637
206	282
788	903
292	965
130	903
221	267
653	678
248	629
198	808
146	618
695	860
206	403
555	557
238	621
150	508
623	691
190	809
129	570
210	229
690	866
574	691
393	616
104	513
337	455
31	937
175	393
70	865
78	231
630	973
335	530
99	290
665	930
214	240
766	982
217	511
2	586
236	524
67	981
683	984
581	973
87	401
667	747
708	748
307	404
331	532
243	648
960	969
430	511
294	879
349	586
643	804
27	535
514	919
154	347
458	987
379	465
365	530
332	353
213	927
428	815
323	533
956	971
87	293
231	944
331	653
523	823
108	581
569	710
393	750
546	992
632	995
398	828
420	587
714	805
425	702
184	347
805	923
824	936
323	654
125	935
782	939
56	835
114	251
900	931
456	954
335	893
321	995
435	602
261	715
388	756
277	915
527	834
98	428
222	723
511	597
318	468
731	866
166	828
109	294
694	718
12	361
86	310
158	186
531	697
130	353
209	646
233	774
351	995
571	998
122	906
423	834
323	896
268	960
49	135
185	962
95	251
312	774
224	890
427	495
592	828
259	359
388	998
154	602
200	947
33	541
230	826
309	890
736	957
51	100
785	819
16	79
334	654
587	834
311	670
751	942
388	890
478	783
827	937
698	823
758	837
496	837
35	213
119	850
274	495
315	496
526	716
278	614
157	324
360	683
275	316
712	842
786	791
813	894
49	269
296	375
342	491
23	216
234	665
506	858
621	845
528	617
822	835
693	950
189	922
492	960
610	952
257	568
35	455
227	396
366	969
163	906
237	855
139	283
419	566
6	168
355	847
47	694
322	899
487	737
108	152
662	738
665	743
959	961
384	730
164	232
2	170
414	609
125	506
185	520
470	918
107	866
196	386
514	961
206	579
440	517
482	928
241	573
664	676
356	523
120	512
347	740
400	566
56	527
437	862
105	160
822	969
95	869
114	882
43	184
120	633
309	569
42	750
372	625
358	690
358	461
182	464
266	872
486	875
546	926
384	864
425	636
203	294
122	598
650	983
488	692
796	808
340	528
815	821
97	541
391	759
537	813
542	928
435	765
15	593
356	657
218	952
276	405
116	941
224	703
377	945
437	996
209	351
252	950
539	980
121	238
66	302
714	752
43	547
84	585
475	995
170	359
309	703
395	706
307	593
422	580
284	875
518	813
592	762
726	991
523	891
292	470
25	880
333	996
66	652
93	260
203	657
225	416
502	953
188	534
367	765
587	768
110	843
550	886
531	644
489	647
267	534
346	827
654	714
79	483
29	891
425	891
450	655
436	720
749	951
408	658
177	496
125	306
297	827
149	434
608	948
195	550
434	832
74	260
60	325
552	787
13	250
63	367
49	203
123	152
62	142
141	435
793	886
603	725
60	217
10	625
423	794
390	846
51	397
469	910
510	948
122	277
237	789
278	561
135	741
658	782
584	604
47	628
286	910
41	325
841	903
579	674
651	779
664	718
282	387
265	743
191	794
22	985
433	556
38	966
767	846
44	222
68	579
329	849
269	569
351	379
361	801
366	916
672	959
42	792
820	857
9	386
262	566
129	680
468	671
41	338
607	978
794	841
403	919
463	970
217	271
26	703
43	118
359	849
273	580
345	685
364	698
498	927
298	344
27	295
247	564
159	680
197	935
519	986
66	223
145	287
236	405
213	916
15	406
306	878
428	575
161	231
468	913
583	863
46	924
110	185
187	634
607	991
385	878
720	868
200	344
38	282
48	704
153	757
222	362
199	873
56	824
317	865
86	178
17	344
91	293
261	704
242	462
333	809
569	591
192	870
500	986
104	757
90	593
585	801
337	470
510	627
854	925
485	570
738	750
160	773
509	927
872	979
140	535
107	129
557	823
216	530
166	938
455	812
340	596
455	583
534	876
793	807
757	884
421	935
319	887
599	941
296	940
79	188
34	940
153	891
170	306
596	643
155	412
408	592
205	758
620	771
237	710
591	713
47	320
508	715
828	885
800	823
263	884
645	949
543	938
703	890
197	264
235	556
6	733
482	662
821	882
721	944
141	369
421	948
42	363
83	135
608	774
107	492
635	648
258	661
423	957
464	766
44	143
290	613
417	654
362	718
76	95
62	197
292	659
89	559
770	957
190	382
262	487
640	847
249	962
101	798
450	952
615	790
807	960
433	490
295	785
792	837
200	962
303	380
38	900
387	788
225	726
192	320
510	895
324	439
771	899
119	973
7	503
181	804
709	960
98	806
10	693
310	396
84	90
480	844
72	524
89	693
125	387
185	401
281	863
140	924
36	278
150	565
57	337
475	621
829	853
309	329
452	866
639	958
9	562
119	168
19	755
602	847
552	989
8	108
734	737
887	979
398	751
128	927
370	689
26	650
227	640
306	933
199	807
507	923
130	973
317	570
358	571
674	807
183	984
155	922
84	453
203	404
103	466
282	697
208	519
631	851
510	561
152	587
446	805
787	869
224	463
31	297
12	55
289	592
564	568
528	874
569	646
734	979
178	761
379	751
112	407
244	297
447	922
870	988
543	630
708	926
138	581
625	928
740	878
817	869
421	869
173	767
310	772
544	710
318	633
442	928
838	928
764	979
268	775
376	574
722	982
87	471
185	777
56	892
446	818
36	425
517	698
209	353
195	418
558	995
411	945
750	936
137	184
488	936
455	759
73	428
59	530
174	480
573	714
251	700
633	765
812	996
946	996
108	651
770	999
300	821
369	426
374	770
65	429
502	955
139	903
1	673
63	127
101	382
240	955
326	995
95	308
105	767
592	885
344	783
853	889
619	722
8	834
355	649
448	840
489	878
107	318
32	144
183	313
147	619
95	200
135	501
522	947
415	555
542	596
506	673
445	663
156	560
656	883
675	896
95	321
702	999
463	488
774	838
110	858
396	663
267	778
767	835
63	719
132	324
137	439
439	481
35	391
563	776
269	329
255	431
62	265
31	686
655	779
760	832
355	783
943	953
514	776
376	842
431	512
35	512
535	835
84	145
769	773
595	620
218	633
452	571
493	609
773	892
685	779
556	894
341	969
294	628
8	271
593	961
228	274
426	555
361	803
20	281
625	849
358	505
864	902
201	558
767	969
11	397
288	971
219	346
67	743
341	982
377	639
597	908
456	703
132	808
22	182
154	338
136	698
497	677
282	752
623	816
15	408
268	588
115	117
650	690
232	931
92	628
606	620
119	236
243	531
110	416
209	395
674	754
333	461
558	808
324	641
2	590
184	338
315	821
497	569
576	862
400	865
782	930
119	357
413	575
284	690
578	642
182	413
16	875
80	136
30	544
687	814
527	825
117	698
48	827
139	945
331	886
559	750
671	991
237	470
397	459
60	837
75	408
421	816
696	755
268	951
115	480
63	290
763	930
343	344
133	763
735	868
155	293
12	244
738	873
237	591
8	768
677	863
198	599
146	180
263	765
411	892
216	653
109	298
288	529
40	427
205	760
243	786
872	994
25	829
228	663
38	768
547	645
700	887
684	879
431	433
111	199
11	786
487	715
79	661
681	995
772	884
557	959
133	897
749	900
642	774
614	712
419	436
131	972
313	720
201	250
822	826
189	913
593	774
409	953
51	454
216	787
161	851
18	802
86	677
153	438
326	366
28	443
470	559
363	433
234	548
19	623
24	967
261	385
151	513
230	843
739	949
54	846
123	451
35	567
150	325
100	733
116	677
322	782
167	908
327	860
506	862
55	172
98	808
206	341
560	839
458	562
100	854
153	680
115	159
139	516
204	682
121	913
685	955
224	331
64	113
726	727
344	396
74	572
335	347
393	554
637	914
103	455
315	634
177	929
254	624
309	331
88	857
451	680
248	580
671	683
951	966
233	457
541	573
357	752
109	916
766	920
852	960
255	970
491	981
764	847
386	635
745	753
349	753
643	971
113	513
66	172
319	352
632	812
287	814
189	242
722	742
479	984
45	463
432	643
616	989
41	758
182	468
127	532
219	535
420	525
458	817
296	755
631	745
680	866
28	940
826	920
325	638
91	471
308	994
196	524
127	653
61	299
448	479
145	707
544	941
659	928
411	597
304	471
205	694
157	946
45	476
721	759
449	825
605	813
490	597
130	291
85	548
203	769
511	885
566	592
152	952
64	839
174	482
298	777
69	954
969	982
399	600
388	707
88	415
267	646
203	661
459	587
225	420
15	839
505	703
441	947
62	133
172	264
344	785
531	877
709	883
286	551
112	664
561	719
814	936
514	644
32	375
450	888
513	944
408	662
494	665
661	842
3	613
526	654
705	885
140	847
468	649
621	891
533	778
473	498
552	791
197	334
4	959
227	442
447	482
180	367
306	506
92	254
658	665
157	383
630	832
360	742
13	146
371	608
87	849
235	976
670	904
155	724
2	216
81	509
12	675
628	907
34	205
292	729
328	386
221	260
176	783
245	388
181	861
333	437
1	930
351	491
117	324
477	630
475	786
287	735
540	915
125	673
80	930
690	859
19	691
316	389
127	224
159	442
505	850
472	902
463	853
62	509
810	897
10	53
87	273
460	784
78	224
281	812
17	214
602	904
354	802
445	920
519	869
68	933
835	846
90	692
546	972
544	633
7	694
623	926
411	518
39	646
534	854
479	689
28	753
45	168
437	921
55	361
354	923
44	697
333	571
481	698
145	520
525	741
296	918
57	407
637	982
857	985
290	349
106	528
6	361
405	861
551	915
45	289
525	633
79	287
263	633
78	587
515	588
119	359
432	819
611	821
710	800
383	405
729	813
536	647
608	752
814	857
318	690
356	716
409	808
653	939
89	308
130	346
457	475
261	829
448	655
360	542
117	821
98	313
478	534
115	482
371	408
824	942
150	180
18	549
334	526
513	757
31	488
209	760
209	531
283	480
355	585
415	599
453	891
921	996
93	319
411	894
165	195
299	424
404	477
166	834
422	760
615	660
568	585
432	953
67	303
490	894
218	435
22	560
503	604
28	82
406	671
337	837
10	442
15	786
469	956
436	779
463	653
105	716
807	951
177	555
517	889
364	381
369	725
369	496
281	612
468	475
253	550
10	792
681	768
607	782
151	273
579	720
431	556
472	594
49	262
202	504
427	851
298	966
707	905
531	945
584	771
228	907
322	771
448	910
363	543
869	940
709	951
156	738
610	945
725	895
178	268
311	797
176	838
111	214
195	851
69	446
129	268
179	614
332	856
220	386
841	962
276	961
183	733
59	963
102	744
611	621
382	569
547	902
60	518
159	268
472	728
711	973
26	641
43	56
521	849
309	441
194	225
221	328
116	800
138	330
762	911
187	451
132	515
104	682
940	954
706	787
150	569
766	801
309	562
367	503
171	628
59	158
597	965
504	508
435	637
239	762
333	626
80	180
164	588
186	347
439	564
232	988
268	645
115	174
273	760
413	511
143	650
0	867
762	924
836	873
104	924
183	988
866	981
16	582
324	698
103	699
731	793
48	534
189	244
216	347
400	693
418	976
74	937
148	886
430	572
178	994
104	816
85	537
269	883
134	695
170	352
557	761
53	999
271	404
235	481
37	762
78	534
193	484
358	817
485	629
559	578
349	997
75	465
457	530
154	758
844	976
116	237
374	761
775	876
28	124
219	887
673	828
103	712
120	881
483	704
92	819
37	883
293	543
578	712
443	753
164	843
415	425
19	425
184	758
538	761
304	594
510	928
147	610
78	776
848	923
311	489
228	949
930	992
214	785
761	954
203	892
376	820
431	490
876	877
466	484
292	597
770	895
392	949
146	250
767	826
786	839
411	962
151	328
63	481
32	148
655	770
719	785
125	312
204	605
228	962
243	267
84	954
65	675
593	831
147	744
153	495
36	913
20	151
517	957
262	667
107	793
148	565
51	632
475	667
241	500
471	962
135	747
685	891
759	840
83	328
336	508
96	267
60	573
421	552
482	976
62	390
39	635
278	917
116	855
451	845
336	629
17	95
22	173
108	213
357	917
68	814
219	458
40	981
48	576
31	932
180	503
54	98
405	850
317	737
451	966
270	396
275	740
421	794
266	920
338	796
627	670
379	568
539	557
2	581
392	507
824	918
43	124
122	417
254	802
595	866
58	927
493	855
307	399
553	869
152	525
0	922
55	592
710	789
173	584
453	638
590	872
87	517
502	530
235	415
553	990
23	761
102	825
699	815
504	805
256	474
481	821
11	414
52	186
79	289
26	951
282	877
392	520
464	625
194	764
249	471
125	930
73	474
842	985
67	171
210	479
559	633
523	710
237	353
25	699
176	343
121	407
29	818
5	195
222	718
106	543
240	772
381	482
212	939
100	469
45	533
568	574
7	12
141	241
738	985
289	893
145	885
76	785
117	823
175	764
428	944
735	872
83	946
413	821
31	490
311	773
605	762
572	585
522	993
295	536
214	840
233	890
118	903
15	667
49	251
656	929
100	711
155	418
105	826
614	703
215	957
53	141
22	791
724	834
550	947
80	503
286	608
112	721
827	932
593	765
992	999
629	947
123	321
554	773
943	999
272	831
580	947
19	385
82	670
193	915
117	139
628	843
292	665
672	886
746	835
245	553
751	950
78	147
360	799
253	673
27	101
71	144
463	897
236	440
169	450
655	838
419	561
116	789
80	866
630	781
542	668
36	42
10	807
560	951
99	327
445	735
362	966
398	623
263	435
70	794
149	858
479	733
61	745
176	732
498	746
592	610
52	925
382	800
160	687
182	217
10	928
206	574
32	687
71	386
852	951
95	743
291	389
222	518
540	864
378	802
223	928
264	929
367	384
754	793
685	959
470	805
454	797
555	620
140	341
379	623
453	572
282	690
125	743
465	811
191	279
358	456
578	688
146	802
435	639
467	857
44	525
766	924
236	695
444	644
249	634
306	939
309	456
400	803
474	752
331	703
205	335
219	647
585	970
81	942
59	631
336	939
41	991
96	698
77	419
8	585
176	398
159	754
393	921
90	883
24	529
953	992
59	752
185	891
171	993
155	231
100	295
50	703
358	819
36	768
826	924
154	760
209	467
388	698
121	354
337	881
122	956
824	999
371	465
390	478
39	958
629	760
633	879
110	609
471	817
66	539
71	883
341	478
98	720
203	773
142	763
54	421
890	922
675	768
427	895
136	194
40	257
260	489
807	887
330	999
886	951
490	951
724	889
218	263
209	709
691	712
374	776
286	892
198	550
222	907
827	987
901	936
409	999
25	70
257	376
255	532
477	608
236	253
389	761
705	997
163	714
779	946
880	998
99	958
80	679
181	502
10	849
51	621
846	892
271	661
357	664
255	653
158	491
273	441
283	900
190	672
264	621
470	497
456	562
313	779
220	551
160	271
225	895
426	427
35	505
563	661
114	569
475	777
414	538
695	965
280	723
10	862
450	905
183	790
235	980
238	497
202	803
477	742
678	732
650	670
120	441
667	839
3	859
414	430
144	569
226	379
102	572
243	282
449	616
762	847
349	449
435	452
588	960
200	326
288	964
58	916
235	283
180	384
116	857
787	796
212	336
671	850
344	455
201	672
294	634
299	978
118	637
121	154
112	334
12	921
428	570
39	529
727	903
248	639
850	973
25	567
321	629
118	529
30	645
11	403
780	914
365	635
260	878
15	522
309	740
72	827
722	909
359	857
447	970
345	922
235	296
54	221
6	473
735	848
405	973
620	632
40	57
427	466
446	745
248	760
237	342
182	406
242	457
333	804
209	280
44	701
379	691
365	527
351	629
81	768
336	994
100	229
279	460
119	242
210	360
504	578
204	286
443	568
327	356
179	229
296	814
134	752
1	371
284	696
633	813
564	979
349	825
75	522
219	715
673	885
313	579
120	938
469	826
138	992
513	640
554	641
344	831
586	593
140	772
687	941
310	954
74	189
93	202
263	879
208	943
15	777
309	995
502	895
114	261
110	785
605	993
70	191
249	836
376	877
772	877
202	724
205	995
193	904
876	934
413	944
535	641
86	549
339	729
251	882
361	488
438	708
605	885
228	898
603	775
336	431
308	598
179	713
115	957
299	549
276	831
68	387
458	542
18	795
535	762
306	673
232	495
177	559
705	944
792	832
280	428
593	888
758	955
147	801
403	727
389	600
26	511
17	957
788	834
158	667
366	845
633	960
273	388
97	391
176	721
9	315
459	780
385	794
174	796
628	966
134	431
72	748
158	788
360	922
96	324
836	851
60	401
373	861
82	914
68	750
315	856
98	104
320	971
287	794
576	668
507	797
479	735
303	509
377	458
308	853
850	907
509	614
951	959
156	984
868	961
49	629
200	273
164	579
186	338
296	735
57	224
12	976
259	853
340	512
460	843
171	740
331	463
322	909
743	902
187	684
440	635
51	823
544	692
623	985
43	410
153	807
216	338
528	869
402	464
117	517
24	289
590	700
185	880
276	281
185	651
559	569
41	643
817	864
121	343
816	868
907	986
566	693
406	475
428	759
323	477
488	810
235	364
460	977
207	531
620	700
300	695
271	408
524	588
276	752
221	816
656	744
78	767
367	641
105	641
96	821
605	927
844	980
88	408
0	295
123	365
288	469
188	531
427	776
105	762
605	819
267	531
225	534
533	650
44	193
241	478
609	645
53	427
237	773
139	201
347	416
149	660
286	894
742	945
303	309
594	781
346	945
0	308
888	999
700	948
478	835
122	971
404	657
753	774
557	899
13	18
230	999
30	150
417	596
683	715
177	614
297	945
75	832
369	555
322	709
503	784
363	481
272	888
198	902
234	367
115	904
786	843
247	306
271	892
665	782
123	499
804	897
169	386
375	720
788	889
366	900
172	391
521	545
655	774
3	848
460	535
396	779
242	312
13	489
445	900
472	545
398	559
375	841
12	789
81	394
23	389
220	445
478	969
467	551
250	553
766	847
296	669
153	620
144	800
391	677
126	931
79	856
41	335
720	852
324	623
38	266
164	405
664	957
241	625
213	792
120	564
287	741
708	734
460	669
424	975
878	916
19	926
330	559
305	502
203	225
829	916
226	623
680	793
826	847
430	618
275	744
220	808
555	798
467	914
238	862
38	508
502	642
507	986
9	975
900	917
399	406
407	755
252	881
319	642
305	744
453	871
558	924
24	465
10	301
648	817
73	357
133	408
317	983
490	645
457	468
228	645
302	594
24	357
225	347
73	478
496	581
339	597
471	753
171	232
522	984
162	412
236	886
392	645
371	522
309	876
804	818
661	769
592	935
292	643
378	417
283	823
245	302
83	240
52	432
343	352
158	306
92	181
190	487
751	820
195	602
219	959
602	697
855	877
29	835
459	648
161	954
422	995
49	255
334	882
513	884
64	792
3	782
311	898
75	658
396	713
336	433
575	944
93	675
552	731
464	884
142	833
505	656
161	846
288	658
293	965
26	392
232	497
194	205
125	371
130	715
168	970
685	708
410	503
107	731
126	973
165	672
233	318
384	716
117	372
353	908
26	513
111	328
80	978
50	318
271	960
104	554
164	568
274	965
250	379
40	798
477	799
134	433
347	726
433	729
493	780
185	627
553	565
671	786
561	914
55	288
165	685
302	394
85	396
35	804
417	906
899	909
71	269
38	92
48	514
727	839
597	729
94	337
35	696
136	748
24	278
184	267
544	573
370	686
213	968
189	345
722	845
548	692
1	65
152	463
583	915
701	907
200	396
30	473
39	936
409	506
37	863
92	570
386	751
18	355
4	457
251	334
25	745
192	922
214	415
181	238
19	176
497	740
483	805
273	995
59	514
174	235
251	455
132	992
154	522
429	461
646	984
305	691
527	767
678	936
65	184
740	767
633	641
316	705
333	874
453	939
47	251
214	428
594	649
14	74
167	353
387	585
728	878
976	980
65	305
13	115
249	880
249	651
895	991
413	759
17	759
435	777
635	808
714	872
41	69
390	482
152	839
628	768
485	985
447	464
55	906
182	947
53	79
526	528
402	950
37	71
897	929
396	647
360	724
98	724
220	421
5	496
43	788
800	996
276	996
216	716
11	18
128	603
35	375
293	670
702	875
466	598
292	711
182	839
405	588
911	985
341	603
126	678
566	950
841	889
794	814
285	442
139	324
438	886
262	660
143	214
96	139
113	308
739	999
371	603
44	208
174	732
494	673
29	85
227	329
429	958
124	322
14	450
354	784
32	504
25	87
128	737
180	604
306	743
92	491
80	925
528	792
588	843
63	958
44	450
343	783
389	899
771	964
669	687
523	569
94	163
835	841
398	574
365	397
370	741
175	502
268	464
741	913
493	848
386	685
207	454
212	569
446	507
229	738
196	561
449	512
146	740
5	764
280	969
500	972
137	920
352	579
126	236
365	518
659	736
128	282
823	844
842	857
9	856
205	502
243	757
518	733
129	692
187	633
803	865
233	749
85	356
379	574
907	922
139	821
124	698
143	711
17	343
757	870
481	935
761	989
687	811
511	585
103	531
10	303
428	816
63	166
309	636
617	752
400	754
157	996
914	975
298	706
311	645
72	134
27	657
321	875
16	993
219	827
816	817
112	701
48	945
153	998
194	999
142	580
290	478
656	801
147	429
749	763
261	945
80	604
121	413
962	992
194	891
491	589
587	822
7	247
12	591
158	416
600	761
724	827
209	647
190	368
314	663
83	242
341	766
145	891
668	932
828	884
676	756
98	779
506	833
464	873
40	545
193	787
62	75
339	612
6	143
262	594
723	989
52	784
107	491
943	992
201	355
146	419
222	966
514	586
321	420
137	599
598	728
73	843
469	843
675	948
408	833
688	887
72	618
424	548
374	956
762	772
294	438
8	81
354	489
333	366
371	658
216	784
463	890
195	846
336	556
410	505
468	712
198	851
445	728
219	385
250	489
40	908
348	795
114	628
375	669
655	952
125	494
97	395
446	549
451	664
652	654
910	949
509	605
285	860
393	659
159	492
505	900
444	624
34	726
227	626
595	793
323	334
190	973
820	911
674	793
24	159
240	686
190	865
606	780
652	896
118	696
374	393
632	917
613	675
130	972
171	973
317	798
205	328
275	801
3	342
476	562
32	814
49	983
412	806
214	296
286	401
150	806
179	275
337	632
516	863
106	470
298	640
358	691
45	231
14	881
71	863
250	865
198	409
153	932
137	170
156	183
469	643
166	642
68	70
460	860
133	465
620	812
69	938
399	584
163	573
421	868
321	930
443	627
803	933
322	337
539	860
126	425
62	935
0	57
198	301
122	949
712	751
342	989
101	368
694	882
501	753
99	709
184	524
63	234
106	833
288	581
548	949
35	135
477	480
895	993
330	992
204	587
751	985
350	412
668	987
575	759
219	895
602	633
258	823
629	995
290	546
598	662
964	985
463	703
301	641
243	959
399	947
56	315
116	366
61	430
231	316
897	931
371	592
51	385
178	426
505	592
343	759
257	490
408	659
158	713
213	420
908	945
201	302
323	965
211	495
546	714
183	662
758	893
384	652
45	957
568	998
103	144
669	784
3	960
760	939
591	901
88	775
196	308
487	780
41	205
156	680
109	834
109	605
90	326
439	480
871	891
697	775
26	570
227	560
512	729
124	324
127	329
679	842
744	971
21	613
945	961
134	490
655	899
534	609
133	265
212	329
778	969
69	509
597	894
239	920
574	910
197	694
150	848
155	963
310	571
348	863
67	850
375	966
48	571
175	383
378	971
69	630
504	558
289	404
266	915
242	329
27	404
300	499
546	969
296	794
783	912
342	681
39	872
636	862
240	633
56	812
116	863
817	910
715	862
90	810
527	811
431	874
38	391
700	739
134	853
84	278
230	561
53	928
648	808
400	743
190	933
289	875
509	915
3	289
291	692
327	349
79	284
225	338
268	708
722	915
49	112
689	738
245	990
928	983
31	472
191	461
172	182
17	345
237	348
490	528
440	936
122	775
16	56
133	641
114	362
193	655
427	593
279	466
485	800
449	877
72	136
569	942
61	472
663	806
116	179
28	295
682	819
162	295
286	590
2	831
640	822
277	770
309	988
285	365
390	418
823	980
638	934
278	362
171	236
176	580
770	824
341	647
14	252
117	939
332	827
103	775
120	944
194	893
137	359
436	655
312	885
480	698
614	927
424	537
602	809
640	835
304	886
362	827
197	265
2	26
301	588
141	599
321	422
230	829
285	499
109	768
725	771
521	712
139	381
116	663
275	427
473	671
247	365
519	787
450	953
546	661
16	203
351	422
475	717
301	601
372	481
663	953
671	777
184	955
280	663
187	435
13	319
739	948
252	564
563	951
34	378
336	908
281	972
473	913
113	607
299	797
607	913
94	99
11	330
257	800
202	864
7	854
72	754
395	441
452	746
639	838
501	608
231	747
551	725
822	959
574	857
44	628
448	452
780	962
632	798
76	580
819	890
175	559
20	456
199	687
708	793
240	459
207	511
680	731
100	156
19	985
486	865
646	854
145	572
360	460
2	752
411	691
141	867
576	795
87	567
340	518
455	505
372	736
680	852
31	406
485	613
710	731
388	680
541	922
346	683
136	873
318	621
63	102
782	984
293	527
21	105
188	282
274	285
105	513
427	527
265	465
143	768
726	860
58	401
182	696
261	760
168	532
550	634
555	978
71	636
267	282
733	984
10	360
612	694
323	820
615	699
83	875
182	817
425	989
93	250
313	519
277	825
263	927
194	827
142	408
436	589
329	463
485	976
218	366
47	255
38	701
833	935
318	755
698	976
151	312
15	717
1	782
505	581
496	761
26	317
295	707
195	540
396	530
165	368
373	546
362	882
615	833
563	643
463	476
347	530
72	325
366	543
545	774
531	876
512	597
42	648
37	75
589	817
520	946
19	664
382	487
275	361
10	844
266	541
257	721
684	825
18	964
361	549
952	990
584	594
83	312
243	264
583	598
201	304
693	995
404	892
390	957
257	842
68	677
250	425
90	207
408	782
769	990
153	492
466	952
292	836
479	662
360	970
377	385
146	489
693	887
63	720
250	546
269	559
394	968
103	267
347	893
64	275
284	315
74	734
253	965
154	205
200	321
329	960
278	914
400	611
37	559
820	968
152	509
133	267
565	678
432	563
470	855
168	224
558	904
217	611
81	750
394	981
543	781
669	920
565	799
391	912
410	925
88	911
215	457
335	751
662	917
324	858
453	514
525	619
67	973
122	643
65	109
34	796
824	915
92	737
251	501
597	909
657	923
641	686
76	648
277	409
51	66
334	391
298	697
17	455
330	915
215	699
177	178
75	396
57	756
398	820
258	517
84	630
516	812
557	584
49	114
221	635
9	981
568	679
229	984
289	769
798	912
397	568
512	518
27	769
281	356
448	533
310	828
10	536
478	641
395	872
199	997
1	487
109	286
95	351
143	836
72	367
196	699
330	928
187	879
245	295
57	998
687	936
368	402
478	762
325	934
163	872
292	528
22	667
130	466
162	418
184	931
612	883
156	603
598	948
357	593
455	936
463	531
246	762
413	939
134	292
471	880
237	713
182	777
545	829
402	780
245	308
448	896
29	949
299	544
285	609
255	703
95	485
438	595
985	993
124	139
561	894
385	668
343	708
164	440
802	993
655	943
130	600
37	372
479	717
157	437
215	378
275	429
65	619
178	496
711	730
461	784
595	784
227	388
746	953
713	776
658	840
561	907
256	271
514	832
662	730
156	858
250	722
277	330
227	738
115	268
414	601
636	677
70	791
56	856
773	948
124	273
8	327
118	687
98	220
101	225
139	517
157	571
105	381
12	153
248	918
416	502
154	502
85	402
780	964
145	453
539	609
403	977
186	225
678	916
122	469
39	929
101	346
1	408
507	805
741	972
64	464
119	171
437	746
77	403
206	813
402	459
569	636
333	625
35	931
267	271
332	400
549	923
216	225
166	633
592	970
537	805
72	180
504	628
220	869
333	746
439	913
654	801
291	749
186	467
558	864
263	916
617	919
104	105
152	819
40	120
36	644
504	749
237	634
182	698
344	760
275	926
42	166
360	704
520	693
635	680
258	693
478	696
626	631
698	736
268	886
925	927
235	480
226	926
372	980
375	460
532	703
490	935
25	872
140	822
263	929
332	534
411	827
189	714
483	932
49	411
105	757
661	709
361	417
34	59
215	888
738	929
278	419
61	650
228	827
717	991
211	365
104	239
59	991
804	879
301	524
180	234
705	873
198	776
621	879
368	470
552	779
464	932
409	996
119	897
370	479
279	886
719	892
306	494
83	193
74	602
616	656
676	707
492	886
660	699
178	430
486	546
193	967
34	422
287	602
545	897
180	247
59	186
135	733
952	992
284	304
229	368
602	879
574	780
30	387
178	322
727	995
947	998
171	548
140	969
451	602
14	564
234	604
19	679
528	556
127	212
495	608
63	722
393	597
701	713
272	307
637	728
67	841
184	194
595	960
125	782
142	197
166	554
185	567
639	774
28	849
284	546
143	570
196	433
109	959
30	400
241	849
26	924
222	570
337	557
669	801
540	916
259	903
190	803
97	575
129	793
325	439
509	785
449	505
239	924
261	683
316	390
233	621
71	559
488	847
276	439
245	860
873	954
50	621
58	216
182	511
605	614
643	906
159	793
80	234
374	452
539	785
217	734
208	914
497	559
156	229
226	968
166	688
59	562
23	639
564	734
58	108
383	393
508	573
21	980
84	511
700	743
502	987
82	401
464	503
502	758
596	622
111	873
501	799
358	979
155	162
537	981
265	522
31	355
325	573
471	627
715	987
233	755
145	871
453	987
668	683
907	928
62	873
282	876
82	293
39	889
238	281
455	804
35	181
50	755
900	925
3	643
182	645
383	635
154	583
603	638
489	802
305	981
508	815
459	630
277	653
483	987
617	987
142	465
257	415
343	455
45	532
196	930
738	984
289	892
591	705
635	748
640	826
772	982
445	587
395	995
647	987
86	425
158	530
204	646
622	930
42	355
286	944
635	869
313	589
280	641
505	759
637	649
315	369
213	587
213	358
672	872
218	436
181	783
179	710
487	826
795	942
487	597
695	775
381	844
480	823
554	772
466	888
58	834
399	898
259	595
130	710
372	472
451	765
415	842
19	842
437	601
454	541
82	898
266	490
467	480
384	711
16	315
329	546
26	737
396	950
748	880
574	727
426	600
458	781
439	539
2	272
535	772
161	265
6	391
639	829
367	370
4	318
212	496
551	716
303	614
385	683
25	377
252	797
11	442
159	377
200	378
145	442
582	968
323	448
474	617
231	630
699	735
358	442
95	971
250	616
186	335
2	514
274	973
277	453
342	848
153	683
722	840
142	265
162	917
129	740
377	576
55	525
541	684
126	405
599	625
7	750
48	522
708	797
694	862
446	797
391	861
243	697
45	224
124	517
17	391
36	404
237	394
108	509
239	992
206	815
574	982
319	692
214	410
742	795
398	985
272	617
544	810
277	466
411	695
153	925
736	980
636	813
362	510
367	625
50	689
130	389
605	682
729	977
195	518
599	867
907	983
351	802
626	741
120	869
397	625
261	993
144	179
715	934
379	985
98	706
74	120
222	772
404	520
51	365
538	749
854	985
532	934
466	580
94	708
360	827
492	754
216	819
178	298
1	665
684	695
422	695
21	351
224	939
301	405
213	521
125	408
24	770
698	980
385	483
54	649
744	830
675	996
807	886
259	529
369	660
138	239
350	418
570	650
143	317
635	816
332	778
373	550
51	499
450	770
799	887
697	876
43	86
208	419
461	599
380	940
520	950
201	416
239	671
159	419
109	827
491	892
73	904
241	717
232	897
97	214
224	255
167	953
229	370
294	499
822	884
183	897
66	83
241	838
276	307
83	666
597	887
449	494
3	148
417	956
940	997
651	894
291	322
203	438
130	899
185	569
129	674
270	384
473	972
546	962
145	618
384	900
348	977
636	855
581	956
708	731
498	921
798	890
127	456
149	215
249	567
194	631
1	465
276	441
23	749
372	903
551	905
242	564
530	967
796	857
881	901
270	518
397	559
622	906
402	408
44	700
668	793
181	409
272	564
525	744
700	745
73	583
18	647
226	862
255	331
334	624
634	916
97	940
754	981
191	575
37	108
443	567
737	748
200	580
420	583
103	876
464	855
428	932
906	971
106	881
221	868
92	983
548	997
183	347
782	935
422	629
205	631
320	581
399	645
397	801
256	825
738	865
302	712
369	473
176	344
102	358
541	994
709	807
714	922
192	288
51	312
1	720
610	801
450	583
59	927
436	648
744	764
656	917
455	927
554	640
55	956
77	715
149	591
209	642
140	771
322	519
229	291
809	866
346	876
506	828
179	470
189	892
607	651
478	766
266	358
32	191
563	581
125	355
75	763
116	535
47	664
665	713
472	584
40	661
408	828
427	841
480	933
89	553
94	897
639	697
195	949
212	364
322	761
79	774
509	587
327	610
280	535
13	191
40	782
458	541
293	962
136	261
227	608
254	482
190	726
135	790
718	882
570	718
124	372
518	528
418	590
248	667
616	834
514	823
299	898
261	377
16	546
558	600
269	497
351	536
57	89
158	895
658	952
231	390
690	904
616	726
63	779
701	770
338	718
109	895
431	680
21	782
90	387
95	731
136	503
194	444
636	789
20	328
534	778
584	895
704	960
19	857
440	850
555	837
863	953
137	849
734	839
186	216
318	372
273	629
548	797
364	976
40	98
284	724
699	737
303	737
451	901
358	444
611	624
192	906
118	691
99	449
720	796
255	962
217	441
650	966
810	955
323	571
39	812
340	511
699	858
685	960
246	324
432	514
449	912
382	922
798	837
135	227
522	673
47	114
214	291
508	509
227	984
496	620
18	352
270	802
485	498
215	637
784	794
27	586
462	743
462	514
136	987
392	684
15	468
648	869
143	882
339	528
729	979
677	789
121	571
355	509
88	394
272	740
62	930
392	805
698	848
920	924
235	821
362	633
343	391
367	748
620	928
482	698
647	802
380	687
900	982
41	992
858	985
89	245
350	515
424	464
80	654
228	818
28	235
336	351
508	872
162	235
38	694
19	415
640	762
82	471
161	764
142	522
188	638
325	872
86	361
265	592
292	695
589	918
429	700
336	472
374	764
267	638
709	754
304	934
464	923
49	415
422	697
389	749
716	878
568	751
45	939
862	932
521	639
366	765
177	600
70	474
591	883
363	467
148	313
198	659
354	647
277	952
13	354
51	609
426	523
156	662
109	587
307	831
496	767
26	552
12	654
688	937
378	711
180	238
102	547
396	536
401	880
74	485
87	949
610	990
604	650
12	775
103	139
172	498
177	842
619	958
705	998
273	321
56	552
584	937
364	439
484	770
216	955
99	141
114	907
136	437
12	896
29	311
769	875
359	711
254	429
93	740
762	835
220	552
335	502
156	796
403	902
576	830
394	853
125	665
414	539
130	780
498	910
135	858
732	848
61	91
398	679
276	430
312	612
110	397
294	743
206	630
385	861
426	899
112	214
370	738
626	664
571	728
48	458
474	566
768	784
754	849
377	862
583	967
104	969
16	856
434	615
379	679
747	846
253	274
103	515
750	851
207	572
265	513
31	346
251	615
432	690
757	975
467	913
219	811
368	382
782	924
367	682
389	441
432	811
243	646
158	279
283	688
440	931
104	982
38	628
131	590
115	582
194	875
502	991
54	572
307	752
86	295
578	986
457	696
173	937
181	303
117	813
10	650
170	639
115	703
581	624
55	837
682	935
234	516
621	696
5	427
5	198
290	825
257	419
128	534
174	650
67	524
34	347
364	481
402	773
322	521
594	943
299	537
82	539
54	706
320	596
306	661
108	942
56	486
584	642
300	883
19	604
506	951
5	669
258	886
46	478
169	548
315	602
117	129
380	997
306	782
120	363
600	771
256	961
438	709
253	663
280	766
500	540
164	325
76	441
62	543
241	545
411	431
375	774
15	202
361	610
89	676
107	959
137	838
968	995
371	776
486	726
186	205
618	653
48	500
70	784
438	951
264	798
418	484
597	715
753	962
701	772
90	618
164	567
613	659
227	852
72	978
92	664
218	803
259	841
87	91
166	384
78	500
129	731
382	911
487	964
388	433
272	487
57	562
26	983
48	742
898	949
84	207
323	452
488	785
428	505
166	734
419	914
400	672
245	798
229	790
119	164
129	852
831	895
531	603
743	782
187	793
132	857
228	565
481	745
951	960
489	606
374	390
296	965
365	570
631	955
15	457
675	732
694	745
293	401
735	783
86	108
89	113
52	460
527	753
236	806
115	516
249	745
631	847
343	380
68	175
111	811
548	812
620	917
124	750
14	878
144	170
696	912
61	401
393	911
608	799
126	301
217	685
525	801
277	699
62	811
68	296
147	589
100	285
499	748
721	861
339	530
129	986
3	581
724	866
624	928
247	978
111	114
723	907
355	511
489	740
401	627
244	643
538	632
106	938
326	978
54	519
34	52
158	347
232	296
724	987
121	694
332	877
772	920
221	817
482	821
293	656
334	694
532	938
867	928
760	802
531	979
297	812
168	890
92	114
443	866
9	345
30	956
321	351
598	888
629	992
150	240
535	576
433	528
292	589
378	592
163	704
471	820
880	988
181	721
332	890
459	931
192	358
362	769
463	821
408	885
889	929
281	551
84	946
239	554
486	660
236	485
301	880
683	945
690	840
555	652
379	426
250	541
563	772
769	877
512	955
452	675
264	853
262	780
331	385
157	498
336	729
363	832
597	770
143	334
211	963
178	557
725	955
26	688
320	906
222	334
328	730
815	848
276	311
344	445
182	383
5	750
149	206
316	383
808	845
701	719
687	784
525	722
458	732
117	439
72	925
232	914
18	396
253	973
289	630
449	619
220	796
385	863
211	976
720	853
766	969
186	394
673	741
7	917
134	729
106	630
842	964
26	112
652	840
8	509
490	512
775	910
849	859
90	807
398	923
318	671
423	687
543	789
548	867
188	332
160	987
932	978
402	520
74	166
511	692
46	104
189	412
95	225
243	877
826	969
306	408
435	818
407	756
42	106
415	580
181	413
33	286
525	977
24	466
818	970
510	625
97	944
334	628
58	464
765	814
140	762
131	713
84	867
60	244
280	513
478	757
712	924
557	821
730	978
255	456
67	405
12	469
213	459
407	998
88	464
0	351
561	647
275	290
277	888
693	803
60	136
483	993
1	724
832	881
381	945
642	757
292	644
672	865
102	483
55	142
189	896
290	719
670	940
219	250
90	365
582	827
174	773
513	993
587	942
7	367
191	942
366	943
70	423
61	603
410	491
616	825
327	722
82	891
338	588
35	550
320	948
380	999
342	478
177	899
166	252
331	548
465	548
630	881
704	830
778	779
74	663
289	322
607	897
734	938
491	722
117	481
141	838
411	433
42	832
226	424
181	910
373	851
660	881
407	435
398	615
637	897
365	438
411	554
227	733
287	784
218	684
474	610
130	837
410	854
699	728
284	486
303	499
418	486
215	615
382	792
588	897
662	846
94	325
720	787
706	889
76	456
475	956
98	215
122	572
56	972
405	897
441	554
119	274
644	913
27	685
206	687
135	218
338	843
200	613
35	805
263	669
180	900
521	964
441	446
840	946
380	436
363	792
22	233
195	390
233	682
85	518
627	838
131	634
654	675
136	978
953	971
392	446
194	690
273	983
548	693
842	911
441	567
620	798
331	924
17	505
399	570
738	790
845	916
187	916
297	559
844	957
66	397
379	857
286	400
337	631
115	518
122	706
689	790
307	459
377	932
793	847
34	41
339	411
39	119
204	452
22	475
471	567
531	618
503	519
673	930
354	396
230	626
749	925
807	866
848	904
366	635
121	575
88	398
520	809
635	796
800	863
700	925
478	812
299	352
920	928
178	291
1	658
274	524
504	986
22	717
8	819
94	822
200	760
635	688
277	943
318	981
10	599
235	717
183	527
730	925
482	823
353	938
344	889
779	817
111	358
570	643
96	235
0	298
24	655
65	656
46	414
506	658
406	720
519	597
477	600
26	664
394	602
256	897
80	900
171	301
429	825
303	420
60	433
321	474
247	296
379	415
567	880
567	651
50	361
415	782
850	939
146	594
63	825
137	774
426	648
660	815
197	788
482	957
62	371
494	782
122	385
208	425
378	836
130	771
864	995
151	793
168	208
32	613
228	259
371	833
794	936
899	952
398	670
365	493
403	785
134	597
755	944
292	954
18	385
400	487
773	998
59	194
168	329
863	891
627	880
66	318
627	651
527	676
21	841
57	498
131	218
116	849
18	277
611	791
289	740
437	675
330	549
132	793
228	501
99	616
351	837
296	672
153	852
571	611
590	624
290	332
226	842
317	731
289	632
127	570
508	676
673	743
346	385
525	616
48	691
865	950
428	912
10	170
161	568
414	785
133	506
601	611
229	739
270	740
803	974
132	806
168	463
555	909
720	976
525	966
136	925
409	791
147	525
675	910
202	232
274	337
441	514
377	987
504	799
435	928
154	686
38	740
107	345
487	566
370	984
645	923
63	275
194	758
1	592
307	635
35	176
749	980
721	918
666	982
144	348
9	160
291	812
599	928
79	404
552	816
700	751
282	992
385	410
244	471
211	294
436	641
55	949
600	749
256	939
125	227
517	980
333	930
797	805
19	474
332	934
874	988
327	361
506	592
473	644
230	923
65	361
712	926
142	810
598	824
491	698
169	418
477	534
348	649
45	877
568	918
513	982
344	944
366	703
347	461
512	528
121	643
603	646
107	708
267	697
85	949
368	520
552	829
321	408
137	587
82	651
362	934
596	872
54	589
279	936
232	595
278	711
369	600
281	716
589	869
280	757
239	490
478	772
142	823
44	251
582	829
554	767
807	947
48	141
306	665
287	423
72	498
273	488
581	870
326	351
465	658
556	813
201	356
266	714
51	560
216	893
799	948
439	642
637	886
136	604
293	847
628	837
361	722
452	840
834	942
345	714
773	932
446	537
231	383
210	260
17	131
160	439
60	501
99	429
104	544
252	442
114	966
272	357
164	329
90	380
114	737
117	254
84	306
442	539
328	666
175	195
586	961
364	848
171	719
23	555
9	657
372	480
181	912
518	534
234	775
182	319
220	611
440	843
252	792
417	896
866	951
2	617
750	776
232	850
655	953
39	684
414	598
326	485
78	383
386	499
138	434
88	842
248	794
574	964
481	736
426	837
632	905
103	332
708	900
367	607
152	682
171	732
350	963
47	925
570	966
193	225
91	443
311	446
435	741
486	972
761	911
599	849
618	899
277	569
824	967
189	456
359	904
435	633
443	494
104	799
731	897
53	982
612	680
483	795
474	746
100	276
413	736
229	915
330	967
509	969
25	627
71	972
673	811
406	696
879	916
180	915
510	790
21	104
243	934
7	169
284	972
158	338
913	914
591	863
56	290
37	48
204	225
14	64
236	931
478	693
10	359
612	693
343	505
697	737
64	824
237	523
545	639
187	931
47	362
203	875
277	824
208	990
280	341
137	521
285	419
271	521
684	690
255	513
45	703
75	811
231	304
167	814
382	473
445	758
772	924
832	938
252	363
725	812
637	699
34	406
628	650
48	75
3	827
325	878
20	242
273	422
366	879
672	922
672	693
28	362
420	886
561	596
146	354
46	416
51	494
771	820
375	820
554	822
361	656
378	596
273	314
484	992
878	882
542	704
695	946
8	16
25	185
338	416
324	481
766	826
852	866
141	774
141	545
361	548
341	835
248	607
528	661
305	589
623	898
535	822
120	543
461	607
58	897
254	543
125	658
947	995
185	443
759	944
611	780
253	843
817	885
55	333
127	209
118	618
126	213
62	494
576	715
650	664
235	385
6	333
479	782
551	887
413	428
91	148
96	492
168	331
701	831
618	833
623	911
29	438
629	662
221	608
92	723
359	838
147	393
606	944
210	449
77	105
113	553
283	439
219	683
200	441
164	747
310	801
585	777
241	967
43	457
203	446
189	511
39	752
221	500
97	693
100	210
105	554
339	455
110	403
536	740
715	742
71	677
439	844
2	806
236	973
43	349
390	393
114	229
363	970
449	744
187	973
383	390
355	557
38	621
112	570
98	635
222	701
879	971
518	965
243	760
96	976
163	508
316	750
355	449
608	629
288	624
367	917
413	804
17	804
91	753
17	575
41	932
278	350
176	568
603	635
88	226
38	634
74	291
0	113
146	396
98	648
282	994
478	640
1	715
431	528
362	694
149	815
746	805
140	766
52	882
47	309
220	466
8	58
679	751
538	812
49	355
153	412
760	861
37	237
9	404
262	584
429	761
663	928
690	765
533	818
700	995
82	882
32	307
269	479
306	546
144	713
106	192
512	651
460	461
42	702
47	780
470	883
300	997
597	695
676	988
509	582
327	605
25	240
192	417
285	608
343	815
752	754
2	256
141	829
254	477
765	952
226	415
336	546
671	765
313	828
13	536
404	946
321	423
76	326
117	364
218	904
760	995
507	549
768	819
713	883
83	716
157	665
215	606
280	772
569	609
269	613
57	205
62	549
122	563
232	960
483	542
562	606
484	952
372	482
229	662
96	547
583	894
77	268
316	550
127	385
233	781
882	961
750	778
722	945
161	383
378	906
226	778
565	732
279	375
446	552
430	544
349	619
46	847
242	493
51	925
44	737
641	727
11	560
85	509
107	268
95	968
731	886
277	450
245	912
45	329
647	663
193	227
402	566
118	807
355	491
71	732
324	912
217	786
52	224
120	624
722	958
101	345
37	855
634	845
367	730
4	678
479	971
64	463
55	643
550	851
641	969
503	510
314	345
632	920
571	910
890	892
708	915
59	506
793	959
635	787
186	695
888	967
103	697
763	972
362	628
224	694
50	807
881	964
196	861
344	759
490	813
913	916
591	636
233	928
219	993
2	995
953	988
288	800
183	518
496	749
174	698
380	574
3	816
705	859
292	461
911	964
536	821
456	532
709	749
929	981
459	803
753	755
524	932
68	423
568	975
130	749
672	803
25	992
580	985
294	362
10	603
445	760
827	862
376	926
758	991
260	714
125	526
553	707
603	824
23	249
231	427
140	834
671	699
327	660
24	888
225	878
547	929
373	776
151	663
885	924
305	349
351	465
783	876
482	948
834	878
792	881
878	884
243	373
322	703
179	883
225	999
40	953
95	660
683	830
810	871
428	540
185	553
369	899
446	594
410	900
234	711
270	368
523	548
160	496
5	851
473	956
627	642
257	843
343	883
76	273
447	940
259	889
226	712
42	891
875	892
231	790
270	489
344	438
58	81
242	427
228	492
257	964
114	915
10	40
455	656
452	910
873	940
625	838
397	422
215	445
421	779
674	959
75	142
135	156
123	856
250	897
49	907
131	451
604	900
370	733
153	964
392	492
268	685
507	967
856	892
441	613
78	561
353	500
69	741
592	782
17	322
233	620
921	957
62	967
0	89
7	802
750	846
170	271
249	564
101	400
180	730
226	846
293	341
193	403
430	841
232	331
476	728
677	718
522	844
16	972
527	922
365	860
387	390
208	913
48	695
227	926
455	790
422	613
83	918
432	806
344	922
153	159
72	234
108	682
233	862
701	967
319	636
668	790
346	739
654	855
62	980
324	980
392	626
271	565
221	973
240	986
123	172
749	863
422	505
408	570
499	688
227	229
39	178
806	845
89	295
333	921
492	685
115	698
423	814
698	790
428	929
104	280
909	973
64	881
119	588
26	360
172	414
96	870
751	801
374	814
319	878
575	804
167	750
198	817
313	804
253	524
2	942
299	411
32	296
1	946
269	468
73	593
191	814
287	293
278	473
14	363
167	642
148	363
60	479
354	468
343	804
71	116
164	307
719	825
644	651
811	828
303	358
248	422
635	868
24	943
478	884
142	935
813	874
71	237
403	710
389	812
329	532
114	607
26	723
117	124
494	828
205	991
586	831
61	946
460	463
295	884
88	820
468	812
676	990
289	315
27	315
305	525
472	702
150	651
329	653
12	946
282	541
208	363
232	720
20	312
204	887
259	594
73	138
42	596
658	828
341	892
36	256
201	589
500	885
519	898
219	377
112	251
783	944
24	138
394	903
337	369
72	852
120	371
39	675
273	613
218	677
658	949
83	489
163	189
701	767
200	485
10	95
356	503
89	913
768	942
345	610
861	904
413	485
743	885
555	834
426	949
525	662
428	729
240	678
221	436
73	272
9	782
281	975
242	724
60	747
206	801
195	383
250	844
286	501
527	627
217	667
258	439
425	616
865	888
120	734
139	976
268	632
433	965
469	622
235	455
340	508
587	614
224	562
335	807
696	786
57	799
2	863
263	904
543	958
63	92
474	858
73	514
496	617
565	976
21	95
81	109
418	963
449	801
402	689
295	334
71	855
654	910
74	106
43	756
142	506
73	635
422	789
207	635
21	216
661	805
702	843
14	994
72	410
218	235
605	681
751	964
190	402
214	759
85	645
38	799
107	404
415	520
38	570
907	982
406	700
249	753
290	525
436	579
413	861
573	813
622	971
368	566
423	761
772	915
54	635
16	114
375	461
110	944
512	695
185	300
61	530
135	479
140	823
630	687
198	764
308	407
712	985
846	985
338	515
615	823
174	821
241	582
292	813
603	934
61	651
200	995
52	831
253	821
547	810
188	877
174	942
609	870
39	259
341	826
377	483
179	764
165	829
607	945
354	536
51	727
247	410
216	831
118	259
159	297
357	541
40	834
324	364
236	480
315	773
554	826
359	816
77	901
746	996
75	828
121	944
157	601
231	550
660	929
209	239
385	724
228	252
706	816
651	880
250	536
365	486
697	996
24	193
120	426
18	149
498	786
215	434
910	996
762	832
225	893
233	717
374	427
346	365
461	840
576	827
488	714
359	829
78	550
465	730
449	722
146	950
574	902
453	612
21	955
404	427
115	324
72	920
620	725
391	902
298	445
531	653
522	833
219	795
305	606
169	974
444	913
708	959
245	969
298	566
69	743
437	910
108	442
341	384
21	968
103	741
879	962
631	897
63	147
101	402
703	736
166	797
328	859
656	661
441	507
317	966
246	497
292	384
70	271
163	499
724	795
333	910
412	974
258	736
492	674
659	851
497	789
268	929
371	384
137	217
133	741
422	615
656	782
312	743
515	806
666	975
573	747
176	330
341	626
382	398
406	755
165	400
700	744
772	849
791	862
510	849
482	750
279	687
298	700
246	510
191	574
688	855
172	295
158	397
633	690
531	908
218	411
297	741
96	980
302	819
97	121
434	975
253	405
566	865
874	981
15	762
211	408
353	986
274	464
136	234
347	454
536	878
295	523
811	817
214	827
198	590
59	926
269	470
315	357
210	829
232	588
416	934
424	758
135	655
322	747
456	710
327	825
24	824
113	115
426	575
560	575
338	462
417	755
799	820
219	245
269	591
651	693
202	830
408	935
380	873
922	927
306	658
359	521
433	470
37	470
252	543
260	663
37	591
42	706
355	937
79	773
127	255
151	612
333	360
99	193
342	594
326	586
264	903
484	943
224	309
611	718
327	959
449	656
757	772
280	884
27	438
373	846
660	876
337	600
447	997
232	843
175	309
488	769
488	540
185	502
625	774
611	839
872	880
132	841
62	782
370	898
497	710
664	887
139	736
264	916
606	653
67	79
209	428
85	392
21	902
747	777
126	164
370	790
623	970
392	549
227	741
73	274
859	954
86	213
578	675
22	457
178	970
85	513
33	323
219	742
33	94
59	726
653	970
372	957
97	752
129	970
3	336
163	325
729	965
209	441
696	788
71	736
47	113
126	406
179	269
645	971
34	854
21	326
83	975
408	506
119	403
265	686
724	742
44	983
336	337
5	237
478	686
552	635
700	799
516	978
161	750
648	868
196	973
204	568
75	683
107	635
401	853
420	866
346	688
225	627
519	579
192	221
455	860
496	632
64	938
568	737
587	979
494	522
485	968
213	509
402	933
589	796
140	704
575	861
387	810
225	519
552	648
560	738
142	750
389	627
117	168
237	758
572	748
770	992
126	661
299	818
170	933
132	412
901	923
131	187
2	73
246	699
20	356
254	294
498	654
47	718
23	132
28	476
107	769
811	885
520	938
294	366
132	533
373	659
753	880
352	536
362	766
618	692
114	664
697	756
475	643
191	884
576	695
526	874
311	949
92	353
116	710
479	533
503	890
102	546
368	931
487	882
674	708
271	769
486	657
338	530
68	669
35	721
431	721
30	148
329	939
463	939
315	546
843	931
172	726
15	254
414	525
856	870
405	705
190	780
195	895
336	605
556	874
229	479
91	249
382	950
808	829
417	944
539	641
337	426
309	593
625	829
248	613
541	606
847	878
365	609
2	557
222	560
122	622
442	829
227	904
727	998
1	103
680	886
224	606
391	783
284	657
583	953
550	776
407	727
154	318
374	550
178	675
338	893
525	719
84	488
208	783
172	860
428	786
213	898
174	381
102	801
50	611
289	856
564	832
187	845
206	858
569	681
302	566
44	796
104	847
131	684
52	162
678	853
731	945
474	794
64	630
339	340
344	684
215	799
311	507
316	851
108	444
756	894
305	958
107	448
687	794
566	733
122	985
222	694
645	797
175	848
777	953
510	838
634	904
212	915
408	561
129	917
619	744
311	399
223	515
531	668
572	669
13	971
434	735
2	812
170	625
617	856
87	627
207	692
730	733
64	872
191	684
485	902
72	238
641	920
382	400
179	337
220	338
165	402
511	810
32	287
44	112
730	854
40	407
532	869
72	359
264	529
57	990
179	687
112	697
170	867
103	877
151	359
230	689
524	870
221	869
381	821
155	515
26	593
193	770
702	913
719	816
820	868
116	523
369	703
66	931
313	808
561	644
404	926
514	569
132	238
519	647
271	582
169	534
241	639
876	921
91	880
53	359
283	821
185	249
364	480
121	759
341	762
107	595
795	932
547	867
13	179
63	525
123	539
417	757
642	875
375	760
103	301
746	932
50	182
748	978
706	981
598	953
71	470
128	775
155	878
263	411
213	819
87	185
83	709
369	837
102	722
124	481
759	763
704	827
69	316
55	381
146	536
660	986
290	958
140	196
11	311
628	953
287	660
410	730
487	950
32	784
734	827
477	905
898	935
497	591
516	604
20	666
488	771
9	773
551	827
129	609
270	319
476	653
22	217
13	663
173	615
357	961
126	274
217	658
475	953
203	494
189	330
175	432
1	279
745	962
393	776
49	966
668	715
525	666
222	628
796	900
73	276
191	268
159	959
388	553
355	605
118	692
522	782
761	798
131	631
139	980
689	895
14	985
416	736
259	264
438	495
503	624
186	688
420	626
511	973
0	40
313	500
492	731
700	909
82	567
610	723
202	403
694	865
647	790
633	855
476	908
751	847
503	516
547	788
93	352
698	957
65	290
1	763
785	845
202	524
191	631
195	750
407	929
654	806
98	817
133	811
642	688
862	920
316	932
262	403
695	928
332	876
43	773
244	763
321	458
54	868
169	360
348	591
480	976
134	339
573	938
172	365
600	812
154	991
116	470
360	830
346	932
828	935
795	987
137	758
426	632
637	815
114	545
587	994
380	930
325	994
134	231
130	755
572	871
369	771
4	121
102	656
140	948
184	991
220	648
822	982
96	124
10	838
385	715
44	422
252	600
868	869
375	936
29	299
134	352
433	648
586	890
56	661
570	882
119	192
243	258
160	489
170	948
440	543
219	544
86	954
241	599
328	716
89	959
328	487
221	361
424	949
312	479
138	363
537	597
36	315
5	965
280	941
261	433
44	664
238	944
249	544
617	711
340	433
391	893
138	484
611	667
77	208
3	30
223	262
385	849
431	965
164	850
497	767
282	842
395	490
92	718
4	605
28	962
100	313
97	567
64	390
69	734
485	649
182	611
209	485
300	603
76	629
442	723
483	724
815	968
634	893
188	547
422	485
45	498
12	92
467	901
214	455
217	726
455	783
6	691
496	555
127	917
531	778
22	406
322	375
145	742
621	671
681	722
142	673
617	966
235	635
793	899
80	468
272	904
38	737
613	968
351	968
146	270
318	791
268	933
395	974
376	732
16	160
367	912
7	340
339	813
17	570
218	294
448	985
533	571
304	748
739	905
323	990
44	114
651	792
109	509
381	702
119	931
23	176
176	455
355	686
663	802
167	864
579	808
219	236
381	823
59	809
367	925
642	864
843	854
526	918
779	869
691	985
111	410
226	397
479	577
295	756
608	987
336	528
64	69
102	361
143	362
423	941
390	764
558	577
155	867
441	995
164	192
642	985
494	592
447	517
139	364
144	479
152	303
364	482
176	697
584	751
561	767
910	921
55	141
146	525
332	944
32	423
868	924
376	987
217	405
150	415
35	428
384	582
76	200
117	238
370	647
48	367
153	649
650	701
39	547
562	588
180	294
6	370
455	462
70	651
209	995
479	590
732	770
295	998
126	960
377	542
91	185
456	606
421	585
206	660
118	547
99	305
57	308
76	321
134	528
595	886
361	719
201	703
509	819
280	767
371	885
159	477
95	950
145	313
117	480
213	942
342	598
194	434
502	550
231	730
107	960
668	704
62	665
175	542
213	834
166	493
501	712
231	851
193	330
616	958
215	614
292	309
495	897
242	488
333	606
425	838
766	902
525	547
659	776
337	725
184	254
282	789
590	905
63	193
230	370
763	833
31	389
215	735
321	902
462	612
28	91
510	774
78	851
73	278
31	510
578	679
220	971
131	633
351	902
640	739
681	777
263	789
645	854
249	854
92	907
807	852
246	327
619	801
89	343
135	230
181	575
164	931
107	397
365	921
520	566
626	733
230	733
478	569
63	327
285	403
376	787
431	457
202	634
100	623
124	980
26	408
193	585
158	335
39	118
462	975
171	274
173	872
468	497
387	572
318	738
712	857
376	679
469	870
785	847
312	923
526	852
853	981
259	508
479	511
336	462
468	618
901	914
249	988
445	634
684	916
785	968
150	457
246	690
399	932
540	642
705	975
567	745
512	809
396	634
33	582
179	636
244	994
220	408
385	704
593	919
63	461
706	796
524	819
395	934
918	975
785	860
384	516
33	932
421	519
404	875
304	937
233	468
35	483
122	371
339	894
540	884
309	463
194	247
667	696
254	298
130	757
18	250
792	876
456	890
113	295
734	871
627	745
343	986
109	819
725	822
403	771
208	532
34	416
125	763
636	713
655	992
349	656
5	846
22	261
108	301
280	822
151	671
104	825
486	661
337	538
309	476
634	761
37	542
611	777
64	150
91	253
96	597
349	777
275	599
690	841
206	728
622	643
560	997
360	377
711	900
731	815
502	726
378	956
284	769
17	425
550	659
187	607
250	663
318	538
194	502
205	368
193	277
518	828
485	651
523	677
349	790
527	796
632	849
406	506
497	890
65	213
15	621
188	549
367	780
441	500
754	960
427	565
12	323
242	785
335	747
247	900
314	624
295	382
313	436
5	54
837	850
59	556
441	621
9	964
578	855
330	790
462	909
116	272
118	870
379	911
401	670
29	798
920	969
309	852
54	562
123	167
513	847
721	796
624	863
709	907
198	691
15	755
832	977
118	173
510	963
6	935
257	517
18	760
257	288
436	519
334	737
45	863
480	562
559	855
278	576
839	909
168	704
28	401
186	758
160	291
920	982
151	242
183	689
436	869
821	976
306	530
163	747
429	866
23	178
28	293
709	920
46	576
813	977
216	758
431	646
739	799
16	404
651	686
1	833
496	812
90	124
871	918
595	754
581	627
438	807
806	974
140	884
322	632
234	748
547	979
5	659
60	366
54	817
255	578
26	718
623	708
48	248
292	874
144	710
460	687
787	816
358	410
229	525
321	528
238	759
188	938
114	723
535	982
565	595
14	721
129	708
652	749
17	238
96	531
597	813
528	942
242	356
13	533
206	662
646	934
178	600
338	589
403	947
62	425
26	731
172	785
521	939
875	942
116	890
264	788
399	424
676	998
657	719
123	785
33	74
329	890
549	893
571	652
82	195
708	886
340	490
130	946
138	770
424	898
14	734
509	942
182	318
335	560
300	539
775	832
30	449
824	953
65	147
82	87
100	370
256	617
509	834
316	668
294	909
541	786
668	827
35	914
150	901
74	88
198	383
277	676
79	203
530	893
34	955
227	855
423	501
543	832
395	439
221	552
441	784
185	858
391	963
157	796
845	904
60	863
187	904
127	624
383	550
589	655
233	791
346	668
730	779
155	319
100	383
50	791
512	556
457	620
228	797
374	851
195	391
167	558
249	627
257	451
730	900
548	923
656	722
381	517
348	569
155	211
339	520
559	789
397	727
471	676
272	961
425	974
640	862
98	579
220	276
392	797
543	966
326	968
169	459
408	741
213	502
182	923
116	569
56	289
364	405
9	214
654	918
382	459
170	805
211	348
164	236
403	518
232	636
545	867
144	523
278	752
52	934
69	120
128	700
436	816
324	346
117	282
105	982
141	639
526	975
287	464
383	926
438	633
691	813
484	749
10	829
285	539
338	631
76	136
117	174
655	752
130	867
438	754
83	526
699	758
50	349
270	352
24	885
720	817
250	410
329	703
585	629
12	996
461	593
359	582
212	532
124	419
542	932
36	77
574	884
412	593
85	198
219	427
692	876
287	827
400	704
226	588
386	540
157	717
100	183
465	833
382	835
108	303
352	663
252	725
109	942
458	830
346	360
217	475
26	907
631	758
287	948
414	760
207	430
265	371
509	768
297	360
440	897
316	373
495	604
104	948
338	886
541	720
483	715
158	955
433	894
331	846
9	832
427	554
210	556
522	828
66	319
847	884
244	325
188	430
133	494
160	856
242	666
32	856
281	328
305	722
35	861
458	964
258	381
381	451
293	567
193	629
386	795
854	900
108	787
435	916
311	392
278	444
173	687
9	27
434	728
14	105
236	972
79	271
122	870
731	951
82	505
538	556
557	798
328	975
326	902
532	970
334	497
821	844
223	400
61	567
314	747
23	46
190	223
11	746
594	801
179	559
693	780
626	790
10	521
170	510
304	739
230	790
106	983
257	398
255	554
358	975
647	849
366	570
89	521
70	279
27	875
281	462
65	349
426	557
51	414
538	798
524	634
529	978
64	878
568	677
540	578
820	861
503	925
212	224
391	455
33	747
262	341
682	927
308	457
189	994
552	817
38	44
174	871
298	937
72	594
774	866
655	686
144	470
383	752
56	357
584	742
897	973
38	983
286	819
487	809
387	871
456	476
60	247
239	478
285	594
142	811
128	876
112	114
62	522
296	460
642	868
12	701
204	642
575	814
360	889
547	981
104	640
739	922
16	527
236	301
241	645
683	990
466	992
72	607
20	417
92	522
567	815
457	943
534	638
685	807
107	830
542	987
533	938
137	938
27	312
555	697
426	812
109	876
755	987
483	528
306	895
107	951
108	358
495	538
164	667
546	769
269	720
558	823
857	890
750	764
359	879
364	957
474	600
548	549
188	243
317	882
275	656
154	366
319	433
16	661
497	705
664	882
125	833
376	415
235	439
326	594
4	543
105	595
597	828
608	657
267	364
305	656
296	836
53	849
409	484
218	916
601	654
262	959
489	598
539	944
106	567
455	721
694	966
694	737
606	890
726	955
182	791
388	896
223	334
522	896
80	514
641	847
250	962
888	953
907	966
103	683
612	789
285	394
601	896
680	960
476	901
457	622
624	799
407	801
9	203
503	509
635	665
230	845
15	691
736	976
221	796
656	724
58	509
167	681
286	632
129	160
165	342
304	686
118	230
417	563
95	512
408	743
394	579
399	923
760	902
751	853
424	458
369	522
663	740
0	396
131	879
327	525
41	168
65	525
373	641
16	111
443	858
61	527
140	820
809	915
841	867
261	292
285	649
524	931
422	920
702	974
86	705
966	983
28	471
520	933
96	117
319	354
57	125
193	952
394	942
246	815
535	689
361	536
722	744
218	716
686	821
237	995
873	913
205	225
102	541
556	977
382	824
327	888
270	354
767	931
211	713
238	816
208	644
442	582
221	354
56	546
23	369
878	883
685	754
449	477
46	767
486	773
439	698
186	252
136	660
356	663
172	842
576	932
452	896
18	146
129	886
12	72
430	585
160	724
327	901
280	826
27	380
333	652
192	713
808	945
453	488
389	998
342	886
244	314
328	722
634	765
226	711
708	714
639	880
245	953
138	598
606	703
861	956
69	727
518	590
559	591
110	499
55	563
294	845
261	668
756	876
178	899
580	650
346	483
692	891
19	88
571	601
161	437
166	781
754	951
119	440
284	773
265	494
206	853
42	193
52	386
318	771
1	340
4	611
316	846
209	491
25	670
99	619
281	330
19	330
81	979
318	663
10	510
356	918
63	373
395	846
529	846
257	387
73	566
207	795
45	733
119	682
936	941
432	913
12	327
591	677
85	805
387	618
51	403
101	520
260	284
149	682
880	901
388	964
374	800
30	990
385	400
445	451
211	284
104	158
49	222
691	857
9	271
85	818
957	976
437	452
14	120
506	811
10	644
114	701
375	513
31	703
581	618
302	937
505	973
323	996
412	516
546	745
54	808
16	287
389	798
260	647
380	978
306	763
256	942
212	347
9	284
360	999
341	757
76	422
931	973
623	820
334	983
48	360
688	986
259	809
507	645
801	863
727	914
471	988
460	570
625	637
50	406
570	701
574	820
388	401
44	362
477	887
623	712
534	640
498	946
537	645
179	937
638	697
313	937
46	822
574	712
835	982
431	892
71	357
398	486
26	843
213	935
411	425
493	989
353	420
205	293
148	725
36	255
285	959
173	489
62	658
131	263
241	889
39	903
63	65
474	831
283	482
443	471
16	892
546	892
833	885
98	436
184	247
404	479
474	723
264	913
119	495
215	728
140	554
123	910
461	905
323	675
736	844
63	78
142	371
49	143
326	717
513	772
100	374
303	962
290	619
629	839
340	965
298	739
413	726
210	626
355	721
80	516
503	619
444	978
15	572
211	218
837	909
923	949
81	108
647	785
270	798
163	672
22	696
168	750
42	382
737	907
470	563
47	231
126	524
276	963
524	799
152	927
35	113
329	331
568	842
353	688
793	960
34	154
287	334
256	984
779	796
94	922
66	860
322	557
360	812
468	611
547	675
800	855
681	904
285	638
712	742
142	626
357	514
579	627
339	874
12	516
237	863
317	334
649	807
96	106
280	452
373	643
767	799
552	874
147	825
477	700
672	912
363	571
43	889
127	294
373	764
219	297
307	935
76	248
516	520
378	815
438	866
369	766
107	995
308	756
93	831
146	694
454	810
225	758
192	581
128	825
35	597
21	699
90	304
697	982
549	818
628	882
199	705
278	998
97	428
138	466
267	876
17	176
437	533
110	138
13	700
555	754
49	882
720	821
178	538
665	885
62	592
184	289
81	605
249	418
796	816
405	931
367	410
23	600
437	654
5	960
127	428
261	657
473	836
440	659
299	949
25	417
546	826
164	495
272	294
136	662
62	713
631	870
461	947
810	872
340	428
914	929
377	724
437	775
96	482
60	788
476	703
99	716
335	498
44	780
178	780
267	300
379	541
631	991
203	315
395	485
109	128
437	896
330	770
42	74
195	316
458	955
365	727
626	768
34	893
230	539
409	770
268	794
276	655
796	950
73	555
240	732
97	912
320	432
210	560
504	778
710	883
682	784
355	426
47	273
687	899
291	899
318	773
208	901
235	509
106	624
823	945
232	440
60	922
200	902
164	979
181	394
525	958
57	624
640	679
772	835
268	807
55	928
853	908
757	971
75	614
198	455
411	977
134	965
593	725
48	107
292	733
707	746
490	977
600	620
765	916
584	612
19	574
901	962
371	504
684	964
431	518
109	504
64	990
255	329
389	558
353	864
12	571
554	625
447	499
314	872
575	913
809	851
14	351
855	967
41	225
392	977
660	728
772	969
151	356
11	53
73	702
105	920
122	298
380	859
820	865
6	123
190	698
23	292
4	50
181	878
126	713
93	536
423	936
51	539
66	110
725	749
16	289
475	803
193	888
378	870
41	467
748	854
579	816
11	66
785	921
348	883
530	631
43	247
191	936
58	821
139	480
264	889
671	755
285	719
357	824
425	470
203	357
442	639
48	483
170	180
122	432
34	585
540	945
23	655
23	426
523	712
330	583
13	647
426	816
766	884
370	655
153	886
409	583
204	888
460	814
532	653
611	717
60	843
344	373
643	935
247	935
65	958
66	365
318	357
356	612
161	373
340	604
648	720
138	655
205	416
680	709
859	940
148	848
96	658
454	891
75	306
16	894
236	897
136	730
268	849
20	784
276	481
583	897
168	618
295	430
522	658
214	505
267	368
291	725
645	957
175	550
777	884
642	659
408	492
50	784
157	910
55	862
3	443
25	956
310	859
392	898
356	975
170	556
373	390
82	443
51	110
357	382
123	215
221	787
529	903
331	918
119	510
229	907
55	983
366	616
705	836
435	975
438	492
70	96
443	607
61	276
281	508
322	546
508	736
219	862
179	497
29	738
211	220
524	680
436	567
563	608
105	733
628	737
581	662
672	780
37	269
56	282
52	806
616	619
346	795
915	952
459	672
244	747
235	698
596	906
35	344
675	970
463	562
573	922
498	519
176	505
470	686
556	726
649	688
520	803
32	460
711	748
683	686
466	688
774	804
658	858
171	282
262	400
14	298
96	108
183	521
384	511
114	650
688	922
15	119
908	925
457	989
78	175
551	624
162	812
33	698
473	933
808	923
500	578
85	299
257	820
725	925
21	580
310	417
771	812
497	509
494	763
788	981
540	879
89	943
567	753
185	422
171	524
386	412
561	938
368	809
24	999
215	301
173	304
357	650
324	702
257	712
128	827
175	350
306	833
1	197
534	697
4	468
42	760
685	866
745	880
504	525
449	589
13	702
151	666
371	935
217	468
315	774
53	774
34	532
466	943
39	610
42	881
787	998
17	299
344	428
421	648
398	893
632	831
291	538
76	613
318	412
166	543
207	544
78	659
653	890
220	779
416	425
187	602
99	718
32	957
935	990
522	592
761	837
310	672
7	900
444	901
549	954
194	726
358	605
583	952
416	546
99	610
219	904
448	498
33	256
117	664
791	837
543	772
400	952
123	149
276	428
138	952
188	315
100	431
81	152
77	447
13	957
425	901
444	914
626	662
49	92
708	960
320	555
17	783
344	912
430	952
53	211
540	558
182	621
531	775
264	394
190	216
2	919
179	323
313	552
29	793
337	909
538	899
137	326
260	396
172	283
344	804
738	960
526	552
204	501
658	671
11	860
286	799
244	573
684	845
49	334
721	912
91	745
130	673
589	729
98	869
46	450
63	619
579	913
250	445
417	622
306	754
77	702
591	923
116	401
415	926
181	759
382	520
289	292
277	992
478	982
113	332
82	753
1	828
292	977
177	761
545	928
218	533
5	654
108	109
206	415
154	225
646	687
269	700
43	128
81	420
134	512
493	630
400	402
229	520
418	456
143	251
148	595
679	985
128	882
71	348
31	949
287	875
139	482
259	813
634	690
653	703
28	651
69	423
416	467
987	993
202	952
678	881
38	63
301	931
254	590
474	593
124	480
129	595
110	316
187	765
77	139
46	826
896	996
228	537
11	539
150	883
95	947
98	198
37	713
23	778
50	652
358	768
25	595
178	837
159	595
747	994
392	537
120	832
823	989
23	899
432	609
215	611
311	548
330	598
294	904
178	958
195	373
30	565
401	478
346	542
15	671
557	725
409	598
95	142
212	727
647	884
143	856
191	375
297	542
206	912
770	954
151	976
42	252
233	786
756	827
280	309
268	972
101	566
483	668
408	494
353	558
125	142
724	730
13	904
295	553
25	729
135	335
953	967
128	332
545	849
779	787
635	779
181	343
456	511
203	856
239	513
211	451
290	744
772	784
422	671
2	48
7	392
719	857
378	564
75	792
410	516
401	962
468	494
10	582
99	102
197	408
288	792
628	860
34	158
254	390
306	580
347	618
130	620
600	798
691	916
275	449
98	816
822	847
87	923
109	682
11	110
904	916
35	238
329	456
193	824
788	970
466	919
53	521
581	906
120	282
705	972
111	462
454	572
225	749
335	355
500	688
362	983
379	398
577	642
119	996
76	131
609	860
208	287
347	631
161	175
424	814
773	968
105	280
759	804
564	565
426	631
491	989
431	709
11	123
147	950
315	763
24	62
153	701
375	814
175	231
235	245
326	629
226	691
64	363
69	478
41	416
225	991
379	411
558	642
400	699
106	252
317	701
377	715
657	769
316	476
674	709
104	822
178	771
646	876
11	365
250	647
324	596
631	753
562	653
161	309
782	885
18	260
50	478
363	938
275	825
118	841
121	358
200	422
939	990
254	887
230	301
595	951
634	879
23	725
680	995
410	905
504	540
397	414
674	951
374	659
300	481
71	658
562	895
22	621
443	651
11	499
464	710
772	826
271	315
548	852
4	725
432	906
243	741
196	895
210	564
160	972
526	541
125	197
402	734
261	795
369	557
314	621
696	723
314	392
489	659
38	723
365	852
318	777
511	677
268	919
120	792
610	656
290	449
367	898
463	606
260	506
251	723
237	559
457	791
89	395
302	688
102	334
575	783
305	959
43	693
681	721
189	747
20	975
441	968
224	970
193	637
361	450
172	285
306	514
540	681
22	755
707	858
658	673
23	162
52	863
14	113
55	114
148	342
676	727
621	791
309	970
197	463
651	670
804	912
312	975
482	861
152	986
26	352
209	968
111	167
663	909
52	755
234	503
313	796
621	912
607	748
173	227
519	635
390	750
18	878
255	562
21	395
517	976
718	737
602	791
55	127
445	807
500	514
21	516
447	853
53	468
908	982
507	638
6	356
94	994
732	756
47	882
88	691
570	694
415	820
19	820
55	248
109	979
62	638
218	885
194	299
512	874
240	415
207	238
262	928
451	864
341	992
19	712
449	525
280	982
439	517
81	543
342	813
246	876
713	756
45	297
504	582
757	762
965	977
330	466
674	993
94	189
388	407
25	355
195	241
159	584
51	785
766	767
585	692
425	474
898	923
543	695
330	587
275	651
217	646
186	313
236	659
62	772
731	867
282	775
576	993
172	903
39	788
125	828
364	844
501	590
451	998
583	888
476	762
242	595
261	608
132	723
118	788
789	993
393	764
508	714
398	842
19	257
272	474
599	603
673	781
428	721
376	531
276	593
419	901
601	649
26	152
275	893
624	781
118	909
159	718
164	796
291	837
411	902
497	713
282	788
153	903
390	550
851	945
137	141
193	450
449	901
182	786
682	843
668	945
420	614
323	910
323	681
87	670
441	902
124	966
702	714
260	332
72	281
256	856
333	847
159	960
145	796
98	684
915	943
