827	830
151	281
268	866
250	260
656	719
568	835
265	568
125	265
75	673
256	748
56	165
97	166
536	802
503	854
69	104
74	219
368	437
294	451
712	964
137	504
450	735
49	391
422	902
389	725
100	622
389	496
301	612
494	741
53	510
880	962
75	565
391	505
219	987
124	161
336	340
693	843
101	702
216	689
582	746
716	975
549	569
595	685
889	903
366	633
83	281
570	628
239	757
695	808
165	579
244	872
13	451
660	787
426	620
63	568
748	900
1	885
2	292
475	741
193	826
48	179
328	462
106	120
92	222
42	630
363	685
179	864
616	865
19	875
533	867
99	346
202	996
54	869
917	978
488	572
37	636
92	343
119	180
451	690
674	698
522	570
140	239
799	878
95	762
683	932
769	972
306	945
144	883
686	937
455	516
166	413
116	821
231	771
817	868
354	878
385	945
674	819
622	629
156	893
214	309
197	665
477	948
351	580
315	886
549	824
48	542
170	239
158	939
199	940
562	763
488	585
78	421
391	881
303	768
284	526
743	811
261	542
154	416
338	991
178	773
541	596
250	878
68	901
442	819
218	845
708	709
31	201
110	494
344	661
430	701
641	884
99	601
11	488
341	363
291	771
21	947
819	927
497	876
84	478
29	542
428	776
156	317
15	378
157	956
413	653
148	907
96	717
215	668
330	655
108	542
11	609
571	946
120	781
137	196
708	951
212	784
293	443
143	913
223	384
388	717
44	907
319	846
30	743
107	438
19	325
186	502
733	900
5	161
225	430
15	849
271	546
104	140
142	432
601	946
255	309
389	538
501	779
754	959
196	897
61	443
429	610
186	852
131	916
681	831
184	550
142	782
216	502
367	900
95	441
334	723
136	213
325	903
270	967
92	143
37	207
517	844
589	720
635	836
52	515
487	672
580	900
943	952
46	441
122	988
464	954
299	392
290	801
276	903
202	688
205	730
204	734
37	328
405	495
234	384
160	398
41	218
547	844
115	921
189	870
712	911
552	922
579	796
49	567
235	986
197	465
35	403
496	798
353	978
191	687
72	699
149	690
364	578
322	847
429	744
630	734
616	799
179	569
32	519
472	791
436	868
188	803
843	963
48	234
158	631
438	685
23	177
811	930
520	983
542	742
82	757
183	809
783	804
226	398
212	463
759	861
167	986
19	822
197	828
178	586
49	701
197	599
720	869
109	981
683	987
917	925
194	530
801	979
6	479
4	406
565	702
658	930
317	637
358	409
210	245
127	476
32	653
228	299
761	762
33	60
752	979
86	889
254	702
452	946
553	998
330	697
462	587
467	702
780	933
33	181
186	194
530	758
175	530
650	823
562	939
268	492
340	597
534	877
523	718
99	656
481	721
61	135
412	887
296	941
659	764
650	944
244	256
92	882
680	823
297	533
291	718
525	656
824	952
230	479
125	951
510	533
288	420
460	941
21	76
40	89
339	614
900	947
182	667
168	503
25	720
522	772
121	428
11	785
448	786
434	659
874	894
43	508
373	383
469	616
413	721
17	721
91	670
573	673
196	723
416	955
311	673
130	369
154	726
116	205
990	998
9	79
267	603
167	665
687	960
538	837
846	953
431	445
73	737
529	788
923	944
496	611
86	447
232	501
306	450
58	614
3	678
25	962
181	455
341	444
57	914
184	726
255	606
515	974
212	973
241	442
125	267
556	719
69	106
220	504
602	606
115	976
693	724
211	684
132	162
546	674
44	49
288	904
629	968
293	753
205	906
141	625
623	628
494	743
210	984
667	671
567	733
493	555
121	912
420	979
640	982
662	741
478	920
552	869
192	563
101	933
651	848
744	810
315	404
788	853
208	278
306	813
479	741
424	805
658	743
121	804
102	525
415	985
561	810
250	396
544	577
356	526
103	117
595	808
254	286
42	861
765	990
176	861
369	761
162	926
924	983
24	992
266	754
398	415
40	707
309	572
829	867
125	522
226	574
424	818
878	988
239	772
118	482
145	585
678	819
2	307
12	995
769	974
144	885
386	418
616	880
132	767
674	821
252	832
835	924
200	413
52	249
184	405
134	813
497	636
170	241
208	533
815	945
340	423
69	832
611	886
275	708
435	660
784	814
75	125
555	762
426	877
286	308
186	370
557	771
230	413
175	477
125	885
185	670
67	126
69	724
531	755
220	893
522	935
627	988
42	69
219	668
126	440
508	542
164	732
150	834
632	837
198	316
558	888
340	894
199	955
152	614
3	491
523	786
932	954
335	735
247	888
190	317
30	853
747	945
79	486
423	784
15	730
538	771
153	960
235	733
288	596
886	959
297	830
545	666
397	539
171	196
236	850
700	954
216	612
376	601
183	435
26	222
339	682
306	505
177	620
245	266
135	394
195	445
635	946
709	895
580	781
277	972
547	604
146	260
244	566
266	325
524	620
169	392
174	736
601	840
707	970
210	689
39	282
718	836
295	504
85	923
448	746
360	862
234	494
239	572
123	397
104	155
68	461
730	846
236	274
438	674
212	331
588	618
612	975
211	631
376	964
813	965
238	505
577	688
57	164
513	969
609	677
190	693
792	798
179	800
616	801
24	926
146	394
321	395
679	857
73	818
16	284
623	696
494	811
667	739
75	864
391	575
685	793
737	983
251	272
17	105
349	578
220	464
701	737
257	989
352	354
174	991
73	121
167	988
602	916
220	585
569	702
495	524
321	637
211	765
371	983
665	935
417	870
365	414
631	799
787	817
74	881
210	247
41	475
220	706
729	812
173	594
766	879
81	776
103	535
290	361
326	580
465	887
231	720
124	594
845	879
757	766
146	878
27	661
421	817
49	945
379	820
179	237
268	723
161	368
18	319
606	755
336	894
358	653
437	946
490	543
94	314
159	709
219	723
71	596
131	610
24	484
203	486
189	551
442	768
309	653
326	822
548	898
129	951
471	651
481	844
305	884
731	992
109	420
496	600
69	792
592	833
99	900
536	901
406	791
566	780
24	497
134	894
290	616
515	963
35	97
207	618
81	213
292	433
144	269
228	906
214	742
575	721
28	94
888	952
337	849
240	916
205	895
457	621
286	739
267	497
43	981
41	154
607	794
5	231
137	387
343	721
21	441
48	49
199	447
589	898
201	264
63	559
560	611
197	522
178	280
307	919
73	752
771	794
375	794
141	627
535	783
119	868
535	554
91	806
399	922
283	976
864	958
179	855
38	916
165	691
280	678
132	514
500	681
623	751
58	979
347	853
466	804
875	972
493	678
584	796
212	399
33	922
105	273
14	414
468	621
509	622
387	925
712	981
574	751
519	815
324	576
117	512
458	576
274	755
117	283
783	861
361	643
581	912
507	697
4	342
565	638
229	689
817	859
165	933
621	984
228	235
54	873
477	710
306	828
856	972
180	460
350	871
873	912
465	592
597	977
234	925
748	917
371	930
315	769
287	936
309	466
1	313
87	353
212	533
284	638
45	127
12	179
46	995
110	256
113	756
662	998
266	769
574	885
384	990
277	598
631	867
428	767
328	829
235	372
92	589
534	934
9	820
859	990
231	667
830	932
85	549
824	888
142	302
111	723
138	826
105	649
191	423
666	716
41	893
201	882
437	893
624	948
113	998
321	947
99	605
341	367
263	713
395	603
343	413
381	439
317	949
213	303
204	254
508	894
219	791
687	896
57	729
351	947
165	262
249	670
202	558
4	839
501	891
408	434
807	897
614	768
270	958
70	375
102	327
281	558
520	840
281	329
181	391
346	724
217	839
654	840
142	665
54	552
279	899
297	953
118	981
126	805
415	679
308	553
248	273
14	106
291	909
593	951
170	619
82	735
192	378
137	442
579	787
450	673
250	319
496	789
100	560
494	679
688	959
320	563
306	399
691	964
226	376
171	440
121	848
229	381
179	789
304	969
238	615
706	720
145	158
183	450
164	171
389	555
664	723
494	800
535	609
405	499
140	982
267	794
874	977
767	851
412	623
379	446
458	510
103	282
48	346
208	335
356	462
144	579
6	120
121	861
589	966
97	238
487	918
261	346
49	692
412	515
444	467
213	800
53	582
669	814
774	867
166	459
61	931
4	397
317	628
78	117
957	988
90	585
780	803
628	934
15	182
433	695
295	990
231	709
88	926
671	752
220	816
27	421
104	641
85	362
577	824
945	991
425	467
203	354
103	416
222	596
447	980
87	408
259	929
312	526
157	652
322	985
248	770
41	706
160	657
509	811
836	940
127	480
280	988
444	830
764	808
442	757
428	822
328	884
120	477
190	950
432	712
265	306
261	830
228	424
164	897
181	312
613	760
35	783
351	760
387	417
530	991
967	992
478	535
175	534
276	586
68	142
276	357
353	540
58	134
22	440
173	838
149	252
283	481
522	763
319	663
198	373
423	720
254	948
20	781
133	658
399	548
270	663
223	322
302	615
429	656
608	887
527	962
2	848
599	838
387	430
409	943
614	823
67	196
210	733
39	97
149	494
457	610
171	253
350	484
44	966
88	484
57	676
373	616
323	795
139	974
629	838
362	723
381	736
4	786
348	559
89	564
283	844
355	720
165	330
136	272
172	454
72	516
177	798
457	852
171	495
116	559
364	395
283	736
622	956
589	779
374	854
368	780
203	972
41	156
225	502
340	977
174	914
114	634
57	100
637	675
193	927
397	959
438	731
691	911
751	962
190	400
28	567
551	608
547	903
373	750
115	980
137	510
725	909
260	809
153	454
438	852
66	980
360	932
795	860
46	513
407	455
44	403
49	518
637	917
29	51
194	347
185	527
138	452
556	965
210	291
55	417
41	519
261	293
440	524
519	817
238	804
109	919
291	401
100	870
87	342
326	395
231	764
239	884
357	876
282	473
210	304
3	240
311	356
297	458
32	941
462	525
472	984
11	360
24	70
175	468
620	818
680	869
279	296
143	664
177	248
311	477
416	530
476	810
154	530
315	892
222	664
731	807
650	882
502	718
400	707
307	479
133	592
152	605
226	820
174	364
229	825
418	761
177	369
36	430
454	943
297	471
435	664
56	79
402	487
539	987
687	885
169	959
62	833
184	530
309	939
10	148
562	890
768	995
578	834
210	438
41	895
397	530
756	877
57	839
506	665
464	705
192	246
469	783
235	616
749	837
64	734
36	901
559	713
416	893
75	371
168	562
42	194
448	845
709	886
90	908
318	772
331	970
408	665
287	375
96	844
292	490
378	493
168	683
322	369
454	488
84	726
607	730
122	981
82	616
25	82
557	909
469	796
596	608
95	326
749	850
614	891
633	904
438	665
226	257
434	960
887	905
183	560
637	730
477	512
26	347
246	616
397	785
259	555
297	847
490	976
56	455
94	747
498	571
630	727
640	920
440	566
13	270
132	221
101	871
538	909
684	963
54	796
30	173
136	340
396	910
575	912
308	568
160	404
55	122
354	684
27	289
51	646
290	928
257	751
799	805
18	994
246	858
222	235
655	797
512	977
653	687
135	990
23	291
776	794
49	694
233	286
632	749
582	928
442	625
820	985
124	235
110	300
528	813
137	928
701	741
121	166
219	472
112	346
2	474
184	222
530	630
669	937
400	520
405	864
4	291
625	867
157	533
69	420
201	805
242	348
421	579
352	708
200	351
838	867
442	867
562	703
606	746
157	654
413	580
27	773
701	983
668	806
365	539
277	655
469	596
37	710
399	537
311	424
481	606
544	891
136	837
29	711
318	585
48	724
860	868
207	488
372	821
754	886
839	930
75	305
536	663
16	893
313	362
492	593
409	824
428	837
529	889
334	650
69	904
143	853
652	996
72	384
366	602
349	958
297	768
228	897
420	609
148	150
406	674
299	548
459	537
115	727
211	435
271	486
326	947
620	899
260	327
67	198
320	378
214	854
369	499
66	727
63	429
832	903
348	561
936	997
788	833
168	859
138	199
84	902
285	626
51	459
156	741
285	397
357	502
582	849
755	777
130	725
130	496
644	680
685	718
38	907
74	564
327	744
588	785
41	158
514	607
115	861
321	441
841	965
381	980
35	343
595	680
366	857
452	631
312	328
78	161
262	736
602	841
96	215
10	929
244	867
674	680
247	384
338	502
436	808
403	860
293	988
351	441
771	798
568	964
650	737
144	636
586	752
283	980
479	626
396	857
685	731
382	693
196	274
96	336
795	862
51	593
169	814
269	523
213	857
287	806
540	986
61	988
4	454
639	736
685	852
129	634
146	803
426	857
390	934
66	285
393	451
255	975
172	940
461	814
37	523
61	880
518	567
280	924
426	978
407	470
458	701
125	986
139	655
942	979
64	252
110	368
55	432
836	997
192	932
168	309
398	771
217	696
29	645
392	468
409	637
304	355
777	804
347	991
667	932
92	701
40	245
105	640
14	781
430	696
726	758
99	825
355	522
434	815
21	942
673	831
326	760
59	416
339	433
210	548
58	420
135	145
525	825
599	774
29	658
268	674
309	712
703	831
238	243
436	487
496	538
802	810
821	823
174	258
50	717
237	543
784	941
121	368
186	726
346	715
654	831
368	474
921	946
544	959
165	374
533	541
423	669
221	720
416	895
297	715
457	667
204	258
406	621
216	726
395	957
656	769
255	425
334	718
408	667
191	669
600	837
306	390
347	428
278	557
171	431
111	151
195	788
322	600
742	957
542	603
258	844
327	449
368	487
165	387
505	721
665	673
45	736
821	957
760	947
256	919
542	724
146	266
533	675
128	626
169	627
577	681
378	737
719	801
111	393
402	865
479	560
55	232
98	868
244	922
1	935
16	506
475	791
48	229
595	627
176	909
878	915
210	227
542	737
776	904
280	737
187	280
266	573
546	856
558	681
389	909
291	337
134	619
843	850
227	581
378	979
326	560
713	969
345	573
59	216
46	920
330	450
41	347
439	622
38	49
141	928
409	450
655	920
581	971
245	756
336	874
644	990
201	686
449	522
215	355
335	649
555	918
173	587
808	869
197	944
352	589
134	632
180	748
419	764
28	879
279	461
33	994
485	566
541	875
352	710
208	702
323	652
166	705
245	998
221	412
40	71
845	993
559	636
289	546
407	767
747	872
585	810
24	248
29	592
263	530
750	877
562	826
956	982
391	944
513	641
177	426
283	364
319	546
360	547
324	890
571	996
282	893
460	936
513	762
298	608
325	482
724	945
624	778
388	767
462	716
228	549
520	657
131	845
714	937
115	608
376	649
1	506
656	703
4	777
675	716
55	971
719	722
108	834
108	605
911	929
360	560
129	139
117	839
43	853
15	791
612	781
54	490
188	719
563	596
730	773
119	848
169	211
802	878
375	545
837	899
265	673
399	902
600	663
443	716
503	730
322	426
382	440
93	337
5	453
598	967
40	676
403	499
432	971
619	797
190	620
80	748
9	316
709	956
6	984
31	748
378	563
561	913
676	900
387	797
275	327
354	620
426	725
574	623
426	496
706	779
334	907
549	566
683	795
829	849
72	641
194	338
311	923
359	442
56	404
479	507
372	381
97	176
575	969
415	751
19	751
32	461
519	808
453	454
305	327
632	685
711	978
174	810
172	700
287	687
521	625
433	512
245	690
97	526
4	106
518	556
64	120
41	631
41	402
46	746
200	395
145	230
174	931
263	451
48	297
18	354
391	865
312	343
671	690
456	765
803	809
225	869
32	703
753	988
305	569
544	585
683	929
134	458
543	626
452	996
166	410
88	985
205	338
666	696
160	824
121	344
71	523
580	629
103	475
625	816
872	922
242	526
113	641
550	642
140	478
214	427
111	716
430	698
798	865
130	177
223	368
302	432
33	244
346	704
673	833
179	298
981	986
133	596
114	317
196	652
108	768
297	704
37	70
247	883
140	720
195	427
322	468
632	953
351	940
483	830
543	881
6	905
128	373
105	884
114	209
320	543
339	556
572	764
481	905
234	247
60	94
211	263
257	379
16	24
138	953
348	497
427	790
27	856
85	797
277	967
277	738
426	538
13	140
26	338
380	836
526	890
144	559
512	726
820	842
116	497
11	969
126	690
148	449
506	682
371	494
246	728
75	846
369	798
465	506
718	723
468	777
327	801
547	841
65	801
170	854
477	516
122	288
58	798
177	749
120	215
259	788
311	978
6	342
218	521
223	865
28	626
262	564
542	847
289	401
280	847
555	557
618	842
711	804
26	701
623	691
683	742
727	785
326	441
470	863
210	229
196	331
289	522
487	803
258	980
560	793
104	513
711	925
31	937
175	393
172	647
111	408
119	232
28	639
253	986
178	812
384	917
202	940
766	982
2	586
351	740
236	524
2	357
258	283
585	678
590	756
356	589
843	973
139	591
87	401
372	799
331	532
193	302
316	638
963	974
522	743
154	347
458	987
618	976
365	530
972	979
158	991
323	533
361	825
956	971
1	253
247	925
209	404
555	812
847	920
420	587
425	702
805	923
48	715
590	769
323	654
736	823
125	935
450	466
562	936
367	697
680	928
17	584
143	723
160	892
523	715
163	409
335	893
261	944
256	371
435	602
261	715
388	756
314	541
321	995
112	363
29	594
731	866
323	775
309	648
106	548
59	702
694	718
114	143
399	541
177	428
531	697
321	887
402	546
168	379
830	993
122	906
423	605
376	530
4	887
288	417
224	890
114	264
427	724
592	828
306	434
311	549
388	998
622	936
195	374
816	950
401	708
365	785
387	544
533	598
772	880
736	957
455	944
155	423
64	793
587	834
603	778
484	598
248	321
0	256
184	602
698	823
290	732
491	493
403	609
274	495
149	729
360	683
533	840
13	316
786	791
712	842
813	894
353	909
342	491
554	670
719	966
416	965
130	608
542	781
160	450
19	511
189	922
260	802
587	968
136	278
7	393
609	727
265	917
31	979
322	899
663	963
102	401
108	152
275	329
299	686
662	738
142	968
393	550
665	743
384	730
145	219
164	232
771	910
549	797
337	389
414	609
125	506
33	917
561	807
505	912
351	445
461	576
287	689
226	679
424	923
179	863
523	636
882	983
11	461
114	882
857	926
567	864
286	292
650	983
796	808
823	911
54	171
441	580
620	811
391	759
284	633
308	990
148	772
657	878
201	635
435	765
374	526
332	529
7	769
180	697
529	814
870	878
359	928
171	877
97	662
652	921
430	808
437	996
578	706
72	80
383	467
729	875
522	811
641	762
84	585
24	305
10	141
180	818
543	870
216	246
307	593
735	811
86	365
564	929
58	303
237	534
25	880
522	932
25	651
118	842
145	716
425	999
93	260
277	835
225	416
188	534
119	663
642	704
881	986
608	827
723	814
219	786
2	788
404	539
906	935
328	958
312	950
408	658
3	609
297	827
545	663
149	434
195	550
589	706
60	325
13	250
137	545
496	892
40	612
193	854
633	897
793	886
8	845
457	671
226	250
228	848
423	794
164	274
227	330
130	663
135	741
129	438
841	903
32	276
257	623
670	792
403	677
752	831
664	718
260	628
191	794
265	743
38	966
690	855
506	805
10	867
159	438
44	222
357	682
306	865
366	916
120	217
586	919
759	847
262	566
88	679
129	680
468	671
41	338
748	954
242	328
607	978
500	623
505	967
21	854
398	575
403	919
318	323
43	118
15	56
273	580
727	787
364	698
181	991
360	993
437	688
239	932
159	680
659	737
236	405
623	814
15	406
428	575
72	711
262	808
518	734
537	747
542	862
91	172
46	924
352	701
720	868
219	586
57	295
48	704
199	873
465	763
281	942
363	981
437	701
91	293
798	909
60	714
550	578
192	870
104	757
300	403
439	976
186	530
659	750
318	457
404	460
497	688
376	398
510	627
636	766
185	830
842	871
413	694
14	719
127	596
33	180
107	129
217	755
351	755
170	414
49	124
529	761
128	188
749	764
110	548
58	358
196	588
476	871
335	895
181	428
117	938
52	314
205	758
620	771
237	710
85	612
0	245
525	884
673	782
406	667
392	769
645	949
543	938
326	940
97	851
427	726
513	766
721	944
361	372
578	895
42	363
61	376
360	672
19	379
376	882
44	143
106	792
221	779
202	500
190	382
262	487
322	538
50	79
327	616
640	847
63	543
450	952
82	556
197	506
535	767
394	791
75	782
773	824
556	597
468	713
167	785
276	957
164	221
771	899
119	973
553	676
181	804
368	896
709	960
201	261
294	452
54	965
417	788
293	981
254	501
600	909
570	737
64	111
281	634
36	278
160	344
233	334
150	565
384	503
81	694
237	978
667	791
345	740
59	154
792	971
105	270
165	809
607	925
434	445
398	751
90	406
384	624
664	907
26	650
704	979
762	920
183	984
346	453
84	453
604	748
282	697
328	584
70	814
419	702
152	587
446	805
224	463
243	476
528	874
32	936
75	111
178	761
109	927
543	630
106	363
548	708
842	926
565	877
625	928
740	878
69	710
638	867
163	345
421	869
256	307
44	882
250	987
217	810
112	528
632	823
332	531
838	928
428	764
376	574
216	356
290	305
128	243
73	307
23	715
307	474
152	600
446	818
430	810
196	643
517	698
99	710
33	127
411	945
59	530
174	480
647	700
210	662
430	931
946	996
22	611
770	999
723	924
219	896
117	885
20	952
156	318
101	382
221	713
105	767
174	372
344	783
619	722
8	834
589	816
355	649
262	421
336	370
448	840
489	878
327	550
27	29
593	706
147	619
284	890
86	380
605	945
209	716
484	655
429	719
88	426
79	606
404	891
211	496
390	727
510	829
188	778
343	423
59	893
152	855
675	896
554	835
196	898
218	391
584	714
396	663
267	778
129	319
93	396
528	553
244	794
63	719
257	733
35	391
730	953
117	201
408	673
655	779
52	974
19	568
349	443
362	907
431	512
84	145
339	923
278	913
218	633
20	160
106	163
273	340
378	622
584	727
281	918
341	969
0	676
597	666
593	961
82	745
679	735
334	966
208	561
191	917
746	910
350	910
102	579
630	964
14	466
79	861
289	405
333	448
288	971
838	849
12	807
516	569
229	741
284	448
22	182
266	808
154	338
541	747
71	569
706	851
632	636
599	688
296	687
115	117
92	628
364	821
441	516
119	236
432	696
303	811
239	826
209	395
25	574
321	636
241	872
497	569
576	862
268	709
433	813
826	973
413	575
592	806
578	642
944	965
63	987
168	249
300	634
11	531
319	647
236	878
733	930
819	970
136	711
838	983
103	534
226	870
740	825
738	752
237	470
108	585
75	408
219	830
115	480
371	406
343	344
568	691
298	601
187	770
200	709
52	545
234	293
263	765
304	766
106	781
155	414
26	263
163	763
366	368
490	663
316	776
930	935
700	887
113	124
133	776
329	422
158	540
581	643
89	440
80	620
464	997
772	884
298	964
91	900
144	497
168	854
438	486
190	613
396	489
360	795
69	94
822	826
533	723
670	728
18	802
370	436
7	384
153	438
361	616
163	897
70	669
39	336
295	787
314	800
663	954
28	443
129	495
19	623
514	831
371	782
609	610
521	726
273	395
223	803
410	629
41	503
275	441
574	737
305	320
785	957
136	511
153	680
259	847
474	506
503	978
671	791
676	906
822	960
404	972
197	642
169	809
370	570
254	624
859	963
685	847
248	580
382	809
55	414
233	686
233	457
71	395
145	344
475	744
306	935
249	401
92	683
947	968
262	865
551	739
50	457
743	909
643	971
822	973
99	349
66	172
272	277
249	293
259	981
741	984
708	807
479	984
312	578
451	922
251	568
292	340
252	941
627	855
90	879
346	576
169	943
851	977
634	979
826	920
91	471
839	859
127	653
555	871
407	707
291	761
236	825
411	597
441	705
31	312
466	469
490	597
402	713
696	702
203	769
189	605
92	938
290	428
188	646
969	982
735	815
661	829
784	936
517	821
267	646
332	775
332	546
203	661
640	662
712	767
511	777
221	715
441	947
361	429
447	469
517	942
32	375
450	888
510	939
45	839
494	665
67	369
12	433
540	552
92	133
591	783
24	672
44	92
422	947
110	860
306	506
199	380
6	214
218	393
130	546
658	665
235	976
444	561
697	778
110	981
292	729
672	950
433	439
226	375
176	783
322	837
181	861
162	619
333	437
99	270
44	334
1	930
904	963
172	748
125	673
166	445
537	617
616	910
32	630
252	633
290	925
425	561
10	53
175	386
254	679
70	858
130	909
713	964
322	850
196	445
55	469
437	571
657	803
113	447
882	921
519	869
90	692
926	964
112	222
623	926
655	915
240	636
133	281
386	461
479	689
28	753
919	961
583	746
574	926
481	698
250	802
425	803
57	407
290	349
782	811
381	467
634	684
364	823
331	646
432	469
738	741
289	649
500	869
99	525
497	800
263	633
282	646
708	754
42	930
840	910
353	526
262	933
710	800
729	813
536	647
173	595
80	367
44	710
121	176
458	993
98	421
411	652
356	716
763	811
441	760
381	480
653	939
446	875
108	587
457	475
154	703
42	233
159	818
715	770
9	56
715	999
341	529
332	709
62	885
137	241
513	757
124	945
141	360
347	465
944	980
283	480
322	408
165	424
299	424
254	947
37	949
615	660
647	878
58	483
218	435
162	311
506	609
337	837
10	442
15	786
538	827
436	779
78	842
119	843
408	717
807	951
177	555
20	83
369	725
281	612
704	715
621	717
84	778
373	615
579	720
431	556
472	594
18	912
202	504
119	735
427	851
399	789
75	665
37	144
171	373
322	771
547	889
192	432
156	738
117	258
301	604
339	859
359	545
149	735
195	851
102	623
33	789
105	140
178	389
366	854
39	459
218	690
185	284
9	553
102	744
429	910
597	723
437	505
220	736
211	916
445	854
491	970
651	959
670	972
76	462
241	795
208	618
232	746
194	225
138	330
611	742
50	217
253	805
776	846
643	960
132	515
539	610
764	957
117	392
667	795
188	272
787	860
97	413
336	695
630	913
597	965
776	967
182	457
182	228
371	918
80	180
453	691
164	588
7	870
81	819
585	618
141	870
48	642
115	174
15	236
323	352
273	760
221	341
391	752
88	980
570	983
611	755
762	924
435	529
104	924
522	683
384	978
145	467
324	698
217	572
222	650
731	793
400	693
565	989
270	583
430	572
710	855
486	881
85	537
269	883
747	922
286	298
912	989
326	865
193	484
377	830
757	822
261	884
22	373
75	465
844	976
116	237
203	650
208	765
120	881
717	871
818	923
37	883
207	769
155	350
274	301
427	772
298	887
237	648
443	753
770	882
369	538
164	843
401	527
184	758
198	427
640	772
337	771
304	594
211	366
510	928
78	776
587	653
330	997
531	758
181	379
79	597
137	538
87	946
376	820
235	844
502	959
183	425
133	833
876	877
260	379
705	766
490	841
383	715
572	880
181	500
767	826
151	328
63	481
235	736
661	844
34	194
746	888
27	972
4	22
506	677
535	597
573	852
77	914
20	151
603	731
102	449
46	554
607	850
1	811
145	267
100	790
295	736
589	954
0	788
107	685
248	395
468	664
151	462
524	973
21	618
604	673
119	924
53	799
208	444
102	691
108	213
588	850
101	991
123	750
417	968
257	979
291	334
117	447
29	334
222	234
342	565
172	642
54	98
405	850
317	737
358	509
270	396
294	753
421	565
863	910
228	399
333	452
527	695
379	568
62	632
131	237
392	507
664	966
122	417
240	638
147	181
817	915
674	866
173	584
300	396
398	931
11	293
145	522
392	399
15	412
414	912
669	936
699	815
740	816
220	817
256	474
742	862
384	925
282	877
212	818
14	833
182	646
523	710
149	469
302	711
626	808
5	195
203	476
222	718
189	541
631	923
576	987
276	466
331	890
279	700
141	241
536	770
517	528
52	657
5	316
593	752
304	649
175	764
87	651
290	485
307	654
344	721
41	949
622	931
118	903
723	983
332	603
239	375
203	718
15	667
450	824
524	544
6	847
62	190
707	894
347	588
531	934
27	906
350	593
911	926
930	939
80	503
286	608
160	203
827	932
436	552
95	259
394	784
163	888
199	316
135	560
176	598
484	714
737	894
943	999
272	831
654	896
514	593
82	670
348	789
193	915
117	139
245	553
586	617
415	964
88	606
704	838
107	619
382	558
827	945
505	894
469	971
305	311
384	604
293	745
375	784
521	838
366	964
760	891
116	789
185	394
630	781
50	206
542	668
621	961
354	846
662	733
335	338
445	735
178	620
271	848
362	966
398	623
563	956
711	854
263	435
53	625
194	335
70	794
479	733
498	746
9	555
284	494
182	217
10	928
30	348
852	951
26	872
466	915
540	864
264	929
367	384
754	793
64	346
743	900
8	222
140	341
431	813
379	623
783	972
511	513
549	805
53	867
428	744
553	924
465	811
224	456
344	521
146	802
247	854
211	931
109	920
379	515
93	121
38	222
29	631
444	644
764	851
34	746
400	803
129	754
344	413
108	402
199	934
395	580
68	185
0	990
41	991
96	698
657	994
641	757
162	234
953	992
23	829
565	883
358	819
573	707
688	694
826	924
248	947
289	719
715	827
324	942
88	177
272	752
824	999
371	465
736	886
142	413
629	760
837	938
274	532
353	825
413	647
325	763
592	878
633	879
259	409
113	880
591	653
66	539
341	478
198	658
98	720
580	760
142	763
483	827
161	776
260	489
7	80
330	999
218	263
691	712
350	419
374	776
561	602
198	550
255	532
114	556
236	253
477	608
17	660
163	714
258	951
10	849
170	838
915	992
271	661
384	538
482	844
88	661
570	664
181	852
286	905
470	497
313	779
225	895
373	793
35	505
475	777
380	954
672	833
534	603
415	911
234	607
201	430
38	143
320	795
447	836
688	962
366	911
162	623
248	626
449	616
762	847
349	449
192	731
385	631
752	839
425	444
815	858
180	384
278	919
644	976
88	795
105	210
253	862
357	919
300	385
646	793
145	511
398	691
618	960
549	860
12	921
521	798
451	968
262	803
518	729
224	282
850	973
564	616
25	567
321	629
118	529
150	976
604	917
260	878
345	922
54	221
405	973
620	632
40	57
432	581
248	760
523	699
113	572
613	629
351	629
722	801
183	227
221	519
548	648
18	419
193	420
289	882
504	578
316	756
130	337
256	476
13	755
481	823
90	938
150	989
2	596
626	689
326	922
1	371
243	658
449	763
75	522
209	522
429	525
85	715
434	640
516	938
590	887
120	938
175	645
271	353
138	992
513	640
554	641
394	423
91	651
586	593
402	543
228	656
214	721
140	772
267	355
310	954
84	877
263	879
478	767
15	777
502	895
288	643
279	823
45	656
70	191
209	764
38	882
272	820
533	595
505	762
362	713
744	778
876	934
64	790
535	641
375	423
339	729
438	708
603	775
190	377
570	598
126	850
179	713
184	828
79	546
115	957
299	549
519	552
109	654
276	831
133	782
535	762
452	498
402	906
97	270
201	364
454	544
748	762
151	506
794	878
758	955
30	216
582	729
554	896
91	906
34	372
366	845
218	681
438	950
97	391
176	721
9	315
459	780
137	729
574	730
197	743
200	260
628	966
287	673
194	216
221	319
245	676
107	971
64	106
322	667
0	616
17	31
96	324
183	966
940	945
315	856
320	971
287	794
576	668
507	797
667	786
419	455
124	507
509	614
156	984
627	835
104	565
200	273
632	684
84	327
493	791
92	447
586	982
138	563
331	463
710	725
660	904
393	789
775	854
250	740
563	971
544	692
131	294
222	641
120	630
669	872
273	872
216	338
142	160
441	456
119	405
205	216
196	625
173	412
214	413
66	286
150	923
117	517
631	967
213	979
590	700
185	651
28	933
745	988
158	225
490	698
657	875
223	354
121	343
816	868
150	815
566	693
406	475
488	810
109	225
432	878
210	536
397	628
8	587
569	883
508	644
401	518
420	531
258	698
271	408
221	816
656	744
64	832
96	821
113	990
218	252
844	980
99	826
314	714
508	994
79	588
406	717
920	938
288	469
188	531
105	762
320	650
297	932
28	249
374	657
468	521
277	953
426	524
323	840
194	955
804	884
876	989
21	246
494	658
628	658
485	875
80	789
195	776
25	890
33	714
630	704
346	945
456	551
122	971
404	657
557	899
13	18
221	950
30	150
683	715
237	894
572	884
369	555
69	263
272	888
239	674
579	779
524	843
123	499
274	897
293	910
475	658
642	835
12	668
788	889
521	774
287	607
89	851
135	738
80	802
314	969
248	615
242	312
13	489
13	260
205	955
540	908
116	846
6	220
190	566
167	848
957	967
148	569
449	497
275	610
662	790
385	741
151	574
467	551
376	958
12	910
475	671
576	723
122	287
543	546
144	800
479	790
28	625
126	931
41	335
197	811
305	610
546	736
202	926
482	980
241	625
287	970
240	400
460	669
19	926
349	801
108	217
775	909
95	921
62	515
631	901
870	917
507	865
116	980
226	623
551	908
193	409
275	744
335	758
467	914
159	569
608	624
835	852
2	585
198	231
153	754
461	870
249	462
59	338
28	988
303	927
100	110
504	688
55	596
256	586
13	865
256	357
94	524
44	932
252	881
305	744
673	874
179	339
659	976
277	645
180	978
183	229
133	408
303	819
418	806
130	339
569	938
223	301
228	645
310	943
332	473
29	701
5	78
615	761
749	761
174	301
260	304
377	889
162	412
742	758
520	645
90	832
253	301
318	696
392	645
299	417
404	470
371	522
684	753
661	769
592	935
624	887
228	887
47	317
478	540
390	427
150	186
134	178
110	787
162	425
220	366
170	774
146	188
82	661
376	879
21	422
334	882
568	820
293	615
513	884
17	717
707	898
311	898
120	135
58	489
94	900
575	944
346	892
98	790
310	380
394	788
144	613
125	371
168	970
149	728
713	770
102	616
181	909
157	323
410	503
248	441
41	377
679	893
343	944
233	318
202	739
117	372
353	908
213	605
232	618
80	978
9	546
231	393
50	318
437	498
179	728
743	770
165	564
104	554
477	799
347	726
433	729
92	436
212	272
518	544
671	786
561	914
160	570
643	724
8	213
541	676
357	855
720	907
899	909
90	511
35	575
959	960
95	626
342	732
409	493
708	789
345	737
345	508
78	393
509	845
220	742
412	912
269	863
577	979
141	863
306	930
87	334
92	678
59	501
465	923
119	286
248	925
143	643
206	699
701	907
30	702
571	797
115	517
15	579
37	863
4	457
565	753
251	334
25	745
145	810
181	238
673	700
659	802
483	576
147	361
446	923
174	235
633	749
509	979
60	887
624	700
863	982
76	831
698	851
63	111
340	648
496	636
193	598
399	474
292	348
976	980
594	649
387	585
98	482
263	815
115	651
249	880
612	703
249	651
101	487
188	641
35	133
17	759
196	761
94	484
258	821
714	872
280	351
381	662
241	359
573	832
67	243
55	906
402	950
37	71
797	991
396	647
33	595
360	724
5	267
128	603
480	762
241	251
466	598
182	839
405	588
171	421
314	958
911	985
723	934
690	720
24	667
103	960
473	493
373	555
445	660
173	201
285	442
123	609
68	673
403	663
282	373
139	324
438	886
106	147
121	721
465	494
630	827
214	912
96	139
354	663
10	853
113	308
500	717
104	488
68	794
403	784
274	899
329	606
29	85
342	545
221	255
133	142
78	206
952	999
181	856
327	910
27	160
500	609
25	87
598	915
241	614
180	604
306	743
820	964
606	712
80	925
231	569
363	725
5	751
877	946
63	958
527	567
200	209
764	776
301	786
631	661
669	687
196	440
449	620
182	276
51	988
27	402
94	163
228	392
398	574
365	397
134	730
199	859
754	852
176	912
625	738
229	738
110	292
146	740
280	969
113	563
536	629
393	846
154	335
448	516
488	854
199	751
221	510
842	857
9	856
119	462
205	502
331	641
246	274
17	451
69	641
110	413
187	633
789	967
674	980
285	939
300	510
379	574
286	346
626	680
46	105
428	924
199	872
59	569
17	572
17	343
237	575
127	703
261	932
80	362
404	459
268	827
617	981
101	421
510	626
18	652
157	996
212	703
155	169
17	693
311	645
605	863
388	865
219	827
816	817
112	701
14	129
373	476
225	349
656	801
147	429
279	814
303	942
26	139
261	945
80	604
42	120
742	989
594	825
580	698
10	545
165	190
156	370
818	984
343	462
109	295
78	945
40	424
298	948
62	183
7	247
64	781
587	822
573	887
471	647
589	868
83	242
341	766
145	891
341	537
635	755
676	756
506	833
552	720
510	989
436	774
950	995
224	891
163	652
880	936
302	959
231	261
448	784
319	899
74	543
201	355
137	599
128	779
433	597
378	432
383	776
157	433
781	822
354	489
206	325
371	658
156	733
393	417
436	787
40	787
57	202
711	726
807	959
6	156
135	795
336	556
0	607
776	828
198	851
640	967
555	600
445	728
219	385
250	489
766	783
254	608
58	733
667	777
92	317
446	549
317	664
181	803
349	616
662	847
99	212
613	662
227	626
595	793
240	565
746	962
861	912
644	914
665	973
169	806
599	619
318	377
43	172
595	914
306	811
161	393
498	981
652	896
19	983
270	565
454	911
407	570
431	927
374	393
453	457
136	750
585	613
170	334
275	801
550	740
256	293
476	562
32	814
385	932
49	983
412	806
659	912
337	632
259	978
42	980
78	637
377	704
148	881
858	977
770	864
252	938
195	404
233	696
305	801
200	519
71	863
150	927
849	928
516	984
610	619
156	183
362	517
68	70
372	976
133	465
69	938
50	696
330	979
251	457
163	573
322	337
38	578
0	57
43	656
712	751
345	994
441	702
694	882
545	759
710	863
613	930
420	764
640	767
87	820
598	770
510	923
257	477
128	592
59	758
166	884
548	949
413	990
399	826
751	985
350	412
508	998
451	464
575	759
668	987
281	312
217	822
258	823
607	711
230	761
409	992
629	995
44	76
12	538
380	705
195	659
231	316
262	420
897	931
580	995
533	654
159	184
61	780
78	195
336	490
349	429
767	942
5	390
739	880
744	958
669	784
125	428
64	152
41	205
247	310
54	898
109	605
439	480
871	891
194	383
359	716
3	852
727	883
366	904
746	896
685	886
124	324
611	671
368	950
127	329
679	842
579	904
150	727
21	613
45	970
89	976
391	789
97	342
212	329
625	727
597	894
430	488
762	961
201	436
835	951
300	378
200	440
252	630
155	963
174	976
62	506
67	850
227	802
72	928
378	971
135	984
336	745
64	286
69	630
504	558
154	216
300	499
558	794
659	846
708	738
386	458
759	969
210	461
256	348
127	463
168	464
715	862
385	987
90	810
398	926
81	990
258	394
184	216
53	928
92	627
592	684
289	875
148	936
96	517
622	792
481	816
159	802
121	281
300	512
38	512
907	924
327	349
2	589
79	284
310	705
225	338
268	708
925	978
340	813
689	738
245	990
67	166
160	882
237	348
490	528
457	580
830	862
121	402
88	225
599	929
566	752
146	166
115	587
114	362
124	821
251	633
72	136
378	408
116	179
286	590
525	872
258	757
368	400
277	770
285	365
670	701
615	765
9	992
499	819
77	601
638	934
130	464
94	541
41	126
514	575
459	639
194	893
758	935
155	642
193	668
661	773
50	885
573	889
320	480
614	927
559	762
955	991
22	786
705	816
424	537
9	295
126	843
313	706
115	721
552	722
290	722
376	762
343	585
62	306
141	599
342	360
559	883
424	658
262	367
24	953
795	830
159	360
725	771
26	504
595	661
507	548
154	955
102	499
148	615
607	900
519	787
178	494
670	956
609	946
650	718
372	481
281	851
83	378
671	777
187	435
13	319
357	617
90	502
131	274
213	838
339	977
856	944
39	456
37	612
106	217
473	913
299	797
202	864
169	916
384	612
112	153
623	857
203	271
232	972
452	746
87	96
4	556
350	964
501	608
410	978
88	964
331	456
666	675
671	790
93	813
237	269
60	636
242	384
440	628
448	452
632	798
375	913
461	687
708	793
207	511
405	792
513	554
100	156
410	870
19	985
435	634
569	863
13	682
402	457
352	865
151	875
178	749
145	572
384	854
852	959
296	970
576	795
226	911
680	852
270	688
627	962
355	503
80	298
200	629
346	683
604	978
208	978
277	583
84	454
318	621
194	814
496	627
188	282
97	652
840	962
432	871
141	170
573	581
0	985
182	696
89	239
429	573
214	648
16	929
412	929
733	984
170	578
15	704
64	596
532	701
826	919
430	919
812	984
168	653
322	339
761	938
19	301
93	250
313	519
800	866
208	991
447	455
218	366
434	930
30	840
38	701
833	935
318	755
698	976
151	312
290	656
362	532
114	430
301	522
480	753
265	828
251	701
108	881
228	946
286	887
888	992
368	468
165	368
786	944
63	586
362	882
257	600
563	643
329	476
463	476
399	949
34	70
130	761
531	876
746	764
512	597
190	546
654	946
382	487
506	782
275	361
41	194
46	538
266	541
395	951
458	482
361	549
655	767
8	956
350	656
83	312
470	721
561	839
583	598
621	890
201	304
404	892
607	726
156	790
266	433
257	842
54	779
305	361
257	613
174	844
408	782
64	972
287	721
359	597
479	662
47	739
377	385
690	845
679	952
646	775
238	721
379	431
458	724
269	559
255	890
320	790
347	893
199	729
18	159
143	339
780	896
200	321
95	793
678	848
310	452
595	850
278	914
37	559
152	509
565	678
358	614
470	855
476	606
555	899
168	224
217	611
184	205
483	501
130	908
88	911
399	507
165	865
789	958
206	637
30	640
109	970
434	501
219	576
67	973
122	643
254	799
156	227
268	468
109	152
231	815
223	402
701	966
71	799
300	393
645	805
497	678
777	961
156	348
51	66
23	758
100	453
754	977
293	353
413	684
64	530
129	925
17	455
330	915
215	699
757	982
247	917
541	869
52	412
654	746
258	517
24	350
65	351
604	925
120	812
450	687
49	114
92	750
418	920
289	769
490	759
407	990
281	356
148	241
296	930
645	818
323	767
199	997
515	937
95	351
642	749
193	657
26	251
17	697
72	367
619	765
316	764
223	536
168	600
187	879
448	654
368	402
478	762
137	469
32	187
376	751
689	982
763	931
554	757
141	359
358	882
504	936
292	528
364	367
503	711
355	584
682	942
742	993
709	816
313	816
874	883
511	831
579	706
276	934
818	988
188	821
133	885
422	759
296	354
587	826
413	939
298	952
237	713
402	780
355	934
245	308
231	373
126	845
248	313
390	891
367	944
315	488
535	757
480	821
760	875
526	708
438	595
405	647
234	536
695	894
855	883
239	614
822	935
165	436
385	668
115	844
164	440
637	660
614	942
719	958
894	996
130	600
479	488
157	437
743	763
220	493
225	837
113	367
65	619
178	496
90	383
384	601
484	953
215	499
491	848
305	429
274	850
389	837
236	329
277	330
227	738
623	738
636	677
667	781
56	856
171	843
555	725
80	166
563	845
604	846
139	517
667	902
157	571
416	502
836	859
266	972
145	453
539	609
186	225
7	748
669	867
507	805
386	515
336	923
119	171
437	746
294	926
96	453
569	636
481	752
137	979
52	346
613	679
184	502
549	923
805	849
172	936
216	225
231	762
191	397
537	805
210	410
627	964
355	505
558	864
698	844
10	241
617	919
246	454
793	852
36	644
173	649
520	693
814	911
673	935
547	567
890	906
372	980
532	703
229	931
523	883
256	768
140	822
332	534
681	688
189	714
211	473
44	67
610	744
529	819
105	757
67	236
168	776
111	242
278	419
355	868
682	768
520	935
420	768
728	884
15	719
104	239
164	253
68	316
76	140
867	935
330	996
180	234
218	489
705	873
691	938
470	710
888	994
280	586
406	725
827	984
552	779
679	820
483	945
119	897
15	22
540	661
498	664
281	666
98	730
492	886
404	773
660	699
285	785
118	379
679	712
486	546
959	995
202	787
193	967
227	551
180	247
567	656
806	938
135	733
368	941
602	879
113	422
154	194
151	448
494	787
653	780
42	663
9	486
140	969
234	604
36	94
478	964
187	263
390	851
692	893
477	739
76	395
184	194
315	677
595	960
185	567
639	774
317	723
674	731
145	387
346	377
595	852
161	331
345	677
42	905
190	803
97	575
47	983
410	806
79	972
110	285
239	924
261	683
316	390
674	852
25	443
233	621
145	508
167	267
370	626
26	816
590	858
328	858
873	954
129	685
382	865
80	234
539	785
208	914
497	559
326	906
138	855
78	575
564	734
58	108
130	213
159	685
107	229
310	817
84	511
552	579
304	514
82	401
502	758
488	860
455	912
596	622
501	799
155	162
399	751
325	573
715	987
145	871
80	247
112	694
847	914
117	809
332	697
7	937
337	812
175	750
82	293
39	889
59	804
35	181
50	755
900	925
707	759
691	751
154	812
321	989
383	406
580	920
32	68
142	465
343	455
642	751
95	124
45	532
592	930
91	648
27	892
374	936
830	987
608	874
415	479
814	979
640	826
681	864
772	982
395	995
689	984
54	473
255	463
31	718
158	530
635	869
179	589
464	987
109	530
183	479
279	941
210	841
139	372
3	777
223	780
551	582
317	415
181	783
52	898
129	364
179	710
142	828
73	957
381	844
683	886
480	823
554	772
158	772
414	469
498	840
704	945
415	842
704	716
19	842
143	154
349	488
63	656
384	711
26	737
609	829
158	893
378	667
211	904
426	600
73	970
2	272
84	311
153	670
20	326
340	496
507	673
639	829
4	318
658	842
205	308
905	948
261	388
211	796
90	506
217	547
291	496
236	560
217	318
370	560
461	907
37	616
787	848
699	735
468	839
91	98
891	905
486	856
186	335
2	514
24	44
342	848
144	863
685	958
238	912
315	866
342	969
277	345
268	754
106	692
446	797
606	786
141	161
45	224
108	509
624	803
206	815
94	345
233	689
398	985
112	628
272	617
453	692
122	821
277	466
411	695
953	978
557	749
51	123
284	856
592	743
259	274
624	695
305	915
30	710
599	867
48	993
626	741
230	741
791	808
271	284
326	974
147	477
95	287
31	302
144	179
379	985
16	933
167	577
234	338
98	706
258	695
874	927
538	749
51	365
175	697
846	865
629	867
328	939
152	942
381	536
78	764
608	700
21	351
152	834
224	939
554	814
297	929
259	408
622	985
429	819
38	934
363	465
368	580
681	811
693	865
698	980
207	891
67	588
29	67
672	698
350	418
570	650
663	878
635	816
51	499
450	999
40	606
380	940
12	544
53	545
773	871
264	499
212	309
317	362
520	950
299	722
192	596
505	827
706	817
458	715
232	897
278	784
767	948
679	835
524	961
128	961
241	838
697	889
442	599
276	307
39	394
667	717
83	666
262	668
0	668
3	148
94	266
118	394
67	843
180	720
194	389
129	674
690	970
743	833
77	218
435	451
40	861
581	956
667	959
534	844
303	682
148	808
149	215
159	674
835	957
214	344
687	793
194	631
1	465
708	852
460	787
551	905
410	929
413	446
191	333
14	700
344	575
99	744
90	924
668	672
269	926
76	760
19	226
98	519
525	623
458	862
425	914
444	927
337	572
441	629
138	857
587	683
446	744
559	621
27	760
622	906
489	562
346	742
687	806
728	807
525	744
258	400
240	989
634	916
18	647
615	637
255	331
26	242
77	473
302	820
443	567
295	403
167	403
310	940
24	583
673	763
103	876
906	971
92	983
422	629
152	768
331	999
40	298
205	631
408	465
581	622
399	645
121	637
47	422
709	807
0	347
392	871
132	237
235	887
32	70
610	801
450	583
436	648
40	419
315	358
554	640
55	956
108	819
256	717
75	642
435	948
226	286
520	992
506	828
547	637
29	940
44	245
579	589
436	769
70	419
75	763
517	879
295	766
737	882
594	833
179	591
473	543
280	414
373	605
598	952
472	584
183	481
361	487
163	768
345	479
322	761
327	610
762	767
280	535
65	610
486	603
48	377
172	672
807	954
42	828
135	790
465	665
718	882
198	846
454	772
239	847
478	900
49	723
49	494
269	497
119	967
57	89
158	895
690	904
275	662
657	727
330	369
789	883
285	855
219	272
90	387
136	503
636	789
130	954
19	857
36	272
440	850
555	837
137	849
426	723
882	966
558	842
186	216
898	947
153	793
815	912
548	797
185	745
364	976
78	619
441	442
518	662
316	676
99	449
508	617
720	796
112	388
186	337
236	683
764	839
122	581
153	685
171	968
735	781
114	168
317	793
12	157
358	565
55	527
495	799
159	850
522	673
764	960
838	909
623	984
18	352
279	393
191	509
270	802
784	794
149	283
314	350
90	871
286	517
52	350
134	914
15	468
648	869
235	471
288	563
358	807
143	882
339	528
297	797
223	582
435	761
677	789
729	979
200	864
24	409
459	566
640	641
920	924
629	977
340	874
343	391
367	748
4	696
490	818
476	920
70	232
228	818
350	515
116	348
262	402
181	477
57	707
19	415
487	520
186	592
332	646
84	810
538	751
483	815
82	471
615	705
480	517
265	592
251	694
378	469
214	775
374	764
102	305
267	638
709	754
183	644
436	824
703	939
389	749
730	813
45	939
62	125
12	533
862	932
521	639
366	765
204	474
154	882
401	988
198	659
454	585
277	952
51	609
159	179
109	587
431	601
128	600
436	716
12	654
466	824
705	877
259	531
61	775
369	891
9	356
489	993
243	257
396	536
186	955
142	885
862	945
485	995
619	958
378	603
9	477
484	770
657	661
734	881
216	955
11	257
76	157
29	311
769	875
134	364
442	480
773	994
23	496
484	891
50	370
93	740
555	771
285	910
178	555
632	725
150	493
576	830
125	665
414	539
199	614
278	907
498	910
671	838
253	850
3	150
51	864
852	886
186	271
241	961
857	964
84	260
337	440
571	607
194	391
133	381
570	907
726	895
148	918
110	397
431	977
348	979
733	790
370	738
48	458
109	145
162	974
377	862
289	520
762	969
624	739
500	969
104	969
16	856
379	679
112	564
112	335
62	743
318	669
544	746
604	797
750	851
97	700
812	911
57	749
525	854
948	957
368	382
478	513
703	860
4	630
243	646
36	811
437	926
289	762
550	803
677	844
168	472
522	741
219	932
668	795
162	169
38	628
222	708
376	623
307	752
312	867
207	585
578	986
196	692
316	986
70	287
536	989
173	937
230	690
161	590
226	985
587	927
702	914
284	926
172	419
320	354
41	939
779	868
219	945
234	516
5	427
258	644
299	645
5	198
519	648
290	825
197	368
100	701
67	524
499	935
415	712
126	609
602	804
299	537
450	935
49	591
49	362
250	352
131	135
205	875
134	177
108	942
56	486
97	258
9	182
308	707
468	696
368	758
46	478
371	763
390	776
25	126
799	944
417	650
458	651
380	997
12	601
120	363
600	771
89	555
280	766
500	540
200	248
219	261
711	723
582	838
12	951
370	430
411	431
241	545
521	599
306	674
359	766
493	766
107	959
201	594
519	903
491	841
535	884
134	540
438	951
364	736
658	954
352	618
701	772
609	954
115	382
153	674
72	978
204	905
264	919
224	325
330	492
710	713
283	380
866	960
48	742
857	911
898	949
428	505
419	914
400	672
119	164
74	916
349	626
743	782
75	323
951	960
85	516
374	390
198	393
2	518
492	611
893	955
631	955
571	675
1	522
58	275
89	113
159	852
527	753
263	680
557	632
782	979
109	213
601	675
40	113
205	446
380	447
60	994
125	157
61	401
121	452
608	799
164	822
761	812
117	976
179	393
525	801
19	175
62	811
610	616
721	861
366	404
550	750
247	978
489	740
310	997
387	692
538	632
106	938
491	520
615	815
573	818
311	818
158	347
724	987
332	877
915	969
146	229
772	920
137	409
221	817
482	821
92	114
369	651
195	764
0	296
24	653
5	374
598	888
491	762
670	764
587	995
214	898
811	888
313	648
280	700
175	943
706	808
174	947
149	890
39	264
116	713
457	777
181	613
253	718
201	528
82	836
49	659
123	608
125	654
75	833
773	875
789	819
766	835
260	734
111	611
452	675
419	498
23	498
363	832
143	334
242	313
151	683
734	775
178	557
351	485
48	447
139	565
199	616
58	88
5	750
354	904
140	386
305	719
687	784
525	722
291	555
117	439
370	619
516	673
72	925
576	724
18	396
59	205
826	835
449	619
220	796
435	684
500	850
7	917
134	729
139	807
488	961
106	630
326	899
128	160
207	453
8	509
321	740
29	797
79	160
68	230
69	869
141	220
652	961
215	694
256	695
517	736
402	520
374	458
267	332
441	862
45	404
407	756
42	106
322	389
181	413
222	939
115	584
464	738
736	931
510	625
183	230
45	525
172	300
58	464
894	965
278	467
80	711
327	359
60	244
280	513
318	805
222	831
464	859
255	456
81	303
91	762
58	585
112	821
693	803
598	943
54	816
510	867
642	986
224	998
298	947
72	604
719	940
416	939
672	865
691	878
4	177
97	139
93	663
234	410
5	550
385	542
211	655
266	362
505	644
290	719
343	811
595	766
227	370
139	257
223	894
391	478
148	491
327	722
79	657
65	722
220	367
467	473
296	591
623	720
70	773
369	840
317	650
630	881
704	830
734	938
25	249
461	779
175	193
350	719
432	492
373	851
13	545
206	445
467	715
282	669
227	733
287	784
410	854
5	805
509	604
421	720
94	325
247	604
720	787
549	905
53	967
810	946
227	625
56	972
207	387
102	859
644	913
762	905
3	99
228	446
398	857
838	900
87	443
364	980
78	623
840	946
174	331
412	913
527	863
654	675
117	736
604	854
392	446
442	792
328	919
842	911
620	798
501	618
413	505
17	505
148	988
430	674
844	957
333	741
429	449
379	857
709	732
63	99
598	635
689	790
40	344
661	691
471	567
22	475
416	631
107	290
46	280
84	572
263	803
254	983
548	935
35	121
564	916
677	793
930	973
88	398
360	820
184	631
800	863
132	175
579	635
178	291
1	658
670	753
274	524
114	306
81	358
504	986
278	643
438	632
8	819
575	637
709	866
561	702
277	943
43	776
10	599
106	832
133	935
730	925
21	465
482	823
328	356
779	817
94	714
448	946
96	235
93	489
146	352
216	825
362	650
367	994
12	537
22	959
705	989
80	900
171	301
214	900
102	430
17	63
473	831
459	933
46	535
794	923
211	602
467	528
71	299
379	415
59	999
117	186
246	825
628	890
342	533
567	880
92	358
567	651
512	715
383	830
589	935
224	248
762	826
247	646
137	774
271	774
21	599
482	957
494	782
208	425
125	656
130	771
195	900
449	487
108	194
899	952
257	731
117	428
535	941
134	597
122	506
213	661
639	769
59	194
78	207
69	616
435	444
13	492
486	904
775	778
16	726
219	560
131	218
34	551
175	261
840	880
248	968
537	842
99	616
42	82
154	323
819	942
392	609
153	852
72	927
469	563
386	565
205	261
528	914
321	850
407	853
173	686
333	675
252	979
319	740
467	675
214	229
84	614
819	834
263	845
10	170
717	786
414	785
235	517
474	799
823	953
147	404
133	506
496	558
4	621
279	331
132	806
11	516
324	976
217	621
136	925
516	917
230	560
147	525
307	514
64	756
377	987
223	520
830	969
2	817
544	871
194	758
216	517
35	176
202	353
620	866
83	927
532	753
647	740
144	348
71	809
291	812
566	751
211	294
510	856
188	805
6	828
381	705
188	576
86	299
485	799
600	749
256	939
932	993
107	587
473	644
354	464
712	926
156	479
598	824
169	418
513	982
136	241
158	525
58	587
256	831
512	528
302	947
603	646
85	949
267	697
248	418
82	651
918	923
73	831
54	589
577	593
359	636
894	980
383	764
718	983
264	547
28	536
369	600
281	716
341	767
186	893
616	706
748	862
607	886
404	823
478	772
739	813
412	418
582	829
45	890
67	649
554	767
287	423
326	351
345	364
465	658
24	952
294	547
275	305
146	420
266	714
206	434
137	829
799	948
361	722
672	880
446	537
551	590
231	383
616	719
99	429
114	966
272	357
164	329
543	591
586	961
23	555
264	681
152	211
28	670
225	955
734	832
252	792
560	945
866	951
425	720
365	440
203	378
411	556
122	682
287	786
543	712
175	316
326	485
111	560
78	383
773	945
88	842
69	563
0	729
481	736
233	671
85	507
599	728
411	677
516	730
411	448
461	794
350	963
205	545
625	902
50	671
64	340
243	571
643	956
126	171
337	620
309	558
106	687
133	561
325	502
399	451
467	851
453	916
121	214
483	795
68	287
97	759
606	902
14	990
518	789
256	752
13	802
104	920
527	986
145	692
594	747
38	566
2	872
673	811
406	696
387	454
280	328
492	507
263	684
175	800
496	626
307	461
205	679
532	808
158	338
812	862
913	914
756	967
236	931
387	575
277	703
63	451
329	341
274	405
105	862
331	939
237	523
300	808
102	298
47	362
816	873
742	924
277	824
645	991
280	341
552	763
137	521
445	637
390	701
142	636
920	930
238	344
45	703
587	757
210	770
696	929
66	762
181	712
313	868
781	973
184	983
621	755
299	704
239	424
459	693
772	924
832	938
252	363
496	989
637	699
513	929
895	994
628	650
311	943
20	242
8	942
490	945
672	693
765	884
80	781
47	604
341	822
243	250
69	363
126	897
602	634
60	314
146	354
25	293
81	373
862	938
347	758
378	596
484	992
93	841
468	755
46	766
335	374
767	822
25	185
412	594
35	607
324	481
766	826
852	866
315	661
141	545
6	91
630	938
473	954
528	661
154	191
558	769
16	486
439	589
885	935
463	946
549	949
411	490
535	822
34	540
466	951
378	838
947	995
185	443
759	944
253	843
316	374
674	836
209	248
27	271
159	656
426	771
252	618
197	682
257	962
227	790
323	498
576	715
221	487
116	959
42	781
432	670
330	430
662	903
544	618
301	897
180	607
359	838
275	844
251	258
757	847
877	949
113	553
283	439
574	911
489	544
121	148
269	800
236	852
631	893
648	796
111	857
842	847
100	210
265	506
55	696
110	403
58	213
130	318
803	855
715	742
580	783
236	973
117	793
566	619
538	557
390	393
290	455
235	519
510	724
777	839
818	840
143	701
399	627
443	670
383	390
159	911
541	976
527	812
98	635
258	395
222	701
483	742
32	52
161	691
395	629
413	912
50	860
96	976
172	291
158	164
407	868
503	576
828	861
309	976
367	917
141	345
91	753
17	804
517	632
80	594
723	737
88	226
146	396
98	648
431	528
362	694
375	633
84	871
538	812
296	461
806	977
572	810
37	237
603	877
9	404
64	74
360	890
709	815
239	600
225	702
406	777
712	820
62	415
100	707
769	802
862	993
232	826
144	713
460	461
18	79
603	998
685	808
248	541
597	695
679	993
665	829
431	662
347	705
359	759
226	415
391	711
24	954
220	600
13	536
49	718
216	895
618	875
604	711
530	533
516	598
339	965
218	904
760	995
221	421
218	675
312	539
386	488
83	716
176	944
243	439
377	668
93	909
239	963
473	901
280	772
242	251
121	190
720	778
871	947
318	475
392	424
122	563
34	716
483	542
562	606
221	313
484	952
50	431
229	662
196	256
316	550
217	544
475	839
442	891
161	383
235	332
378	906
317	667
294	912
349	619
622	714
338	955
107	268
370	678
277	450
10	335
232	973
56	976
441	558
152	455
647	663
108	614
657	856
402	566
319	797
203	622
529	792
367	730
56	868
191	504
738	902
108	506
550	851
85	751
935	958
179	386
506	515
309	681
23	812
482	572
100	278
358	802
666	918
545	628
550	972
517	566
355	504
527	988
635	787
525	915
420	633
29	977
626	738
409	969
428	982
323	700
180	917
166	982
362	628
92	804
367	972
362	399
344	759
77	644
490	813
218	354
335	939
195	636
219	993
299	464
285	300
496	749
408	636
105	864
788	857
325	867
705	859
911	964
456	532
129	174
929	981
579	868
744	935
68	423
45	934
661	937
494	531
172	480
360	945
33	587
143	193
487	757
313	870
275	349
371	811
101	950
266	300
193	953
380	816
727	860
553	707
107	886
313	991
24	888
547	929
373	776
8	126
338	526
147	958
305	349
120	303
746	994
465	486
179	883
449	478
5	730
602	757
560	989
118	378
29	306
810	871
442	475
576	704
507	604
92	362
78	198
96	481
5	851
211	956
319	489
439	591
463	948
315	784
76	273
122	389
111	725
226	712
875	892
14	792
270	489
58	81
539	650
219	443
269	789
112	317
95	902
296	663
29	548
282	728
170	258
595	959
452	910
873	940
28	848
421	779
151	918
94	384
435	448
192	956
541	844
135	156
49	907
674	959
370	733
282	849
37	789
856	892
353	500
77	107
314	508
71	787
33	266
365	739
136	687
392	613
631	895
650	908
115	335
194	628
101	400
183	210
97	924
207	567
620	965
325	559
96	736
435	690
209	613
302	575
140	513
453	744
84	618
422	613
174	511
72	234
490	747
858	914
641	916
701	967
608	739
71	800
492	793
387	511
772	847
123	172
4	975
119	696
284	800
633	917
227	229
8	865
378	398
27	878
333	921
264	296
332	696
492	685
122	886
552	699
423	814
194	991
271	457
529	981
381	817
730	742
64	881
325	922
172	414
705	914
4	49
319	878
575	804
346	981
93	535
74	293
253	524
607	756
459	629
32	296
192	285
123	414
265	763
199	409
278	702
166	232
278	473
429	871
401	809
167	642
846	930
343	804
799	818
384	576
150	409
158	758
53	476
447	632
20	299
176	812
811	828
284	345
267	701
303	358
635	868
196	232
280	640
225	704
693	809
478	884
142	935
393	517
646	697
813	874
59	937
389	812
205	991
494	828
581	753
586	831
226	296
121	768
88	820
308	594
289	315
528	597
299	774
693	930
159	471
104	535
338	702
305	525
329	653
444	603
12	946
375	769
158	771
161	251
452	723
658	828
88	712
79	892
454	769
822	936
44	376
453	544
219	377
926	993
585	700
2	379
403	723
24	138
697	941
134	535
337	369
394	903
15	318
306	790
623	955
273	613
89	792
326	476
9	769
680	708
200	485
720	780
766	896
585	821
590	670
83	610
451	777
270	436
8	436
75	197
257	911
346	431
79	87
240	678
73	272
386	503
212	616
234	900
527	627
217	667
258	439
342	847
469	622
207	622
675	727
587	614
69	688
550	732
696	786
286	622
7	978
263	904
81	927
318	611
610	719
95	273
81	109
418	963
196	850
449	801
313	388
409	850
483	799
70	337
278	515
85	645
629	745
436	579
174	579
17	861
61	638
112	869
368	566
621	746
392	923
497	976
357	407
513	920
408	638
136	179
375	461
53	410
199	464
691	926
462	874
369	646
135	479
262	520
952	967
360	826
112	761
14	189
308	407
681	918
712	985
500	577
211	474
202	654
174	821
241	582
204	700
603	934
364	423
61	651
23	130
451	577
181	716
200	995
112	882
709	872
459	926
41	184
271	875
54	648
670	880
194	362
125	528
400	467
176	759
267	877
778	827
377	483
215	421
113	410
354	536
51	727
247	410
68	667
554	826
774	829
77	901
746	996
75	828
658	883
157	601
74	832
509	531
588	824
385	724
679	942
706	816
250	536
236	601
659	704
24	193
268	553
240	491
54	72
37	428
553	722
190	670
312	367
484	888
243	496
456	789
215	434
528	894
822	883
233	717
85	324
169	961
310	671
81	848
604	660
576	827
122	391
142	306
548	728
410	794
504	658
449	722
330	542
528	786
261	671
13	835
168	214
365	499
115	324
502	504
667	837
207	327
50	609
17	203
187	614
219	795
169	974
194	738
325	440
75	265
168	456
228	507
71	789
761	970
214	343
120	681
63	147
101	402
823	838
854	905
274	330
100	214
229	853
564	843
724	795
624	857
130	322
402	515
481	808
186	631
425	913
84	620
337	800
428	918
395	741
68	346
515	806
573	747
539	907
673	870
29	805
571	859
510	849
629	800
279	687
535	613
394	637
377	993
96	980
633	690
779	973
471	628
438	680
751	911
97	121
566	865
65	354
353	986
311	760
292	518
297	862
127	939
283	698
630	742
506	935
189	999
473	529
87	988
142	695
832	876
235	886
128	531
21	405
31	827
141	470
232	588
75	870
61	706
195	935
28	529
809	865
327	825
313	698
579	817
159	231
288	870
269	591
475	696
549	645
246	644
380	873
139	481
306	658
125	354
240	304
4	64
484	701
630	755
143	371
671	756
690	769
781	924
681	986
275	298
49	709
216	886
62	419
2	139
260	663
53	599
792	938
69	543
410	607
179	940
234	647
79	773
146	534
182	191
127	255
151	612
887	946
613	643
604	823
158	773
534	764
446	651
102	841
484	943
385	900
646	712
145	430
21	889
898	933
320	956
232	843
116	897
680	710
317	658
625	774
611	839
19	964
349	610
66	258
136	731
442	774
203	263
287	900
202	267
9	892
83	612
182	554
151	975
99	556
434	546
21	902
126	164
167	202
370	790
227	741
317	900
859	954
45	212
559	662
289	801
198	390
65	275
510	662
59	726
288	320
372	957
270	680
3	565
471	670
187	911
163	325
75	441
206	924
729	965
209	441
467	965
756	839
112	737
580	613
142	616
142	387
49	159
221	680
288	441
21	326
83	975
124	976
513	559
325	508
724	742
204	218
401	732
714	963
351	911
915	953
15	696
612	686
119	524
298	755
53	170
144	288
19	522
192	450
904	915
563	622
496	632
64	938
494	522
485	968
344	992
70	460
402	933
575	861
454	571
313	632
748	789
18	943
600	810
182	822
130	632
770	992
498	533
55	192
299	818
552	769
323	946
343	861
417	581
131	187
67	468
246	699
20	356
691	820
498	654
47	718
28	476
17	58
373	659
808	816
753	880
618	692
38	117
265	833
595	708
311	949
61	774
312	356
52	954
470	713
809	933
294	716
406	957
674	708
467	644
271	769
118	261
68	669
329	939
463	939
296	533
315	546
227	662
306	726
87	130
190	780
479	654
658	885
556	874
229	479
96	364
46	772
373	901
660	931
228	254
541	714
85	205
255	882
174	957
79	131
856	991
340	431
240	493
37	659
212	660
625	829
699	778
421	770
195	198
463	952
664	942
125	664
515	553
625	950
262	898
162	960
284	657
12	198
124	439
583	953
550	776
256	329
569	789
118	853
154	318
233	611
219	676
439	716
420	437
84	488
48	794
483	493
309	606
290	327
279	434
102	801
410	917
289	856
8	614
657	794
206	858
228	388
150	963
384	901
52	162
179	203
585	891
208	904
48	686
423	563
143	694
311	507
316	851
116	268
319	856
687	794
599	910
52	283
24	450
304	733
115	568
323	746
249	797
510	838
290	340
634	904
133	622
297	730
550	910
311	399
314	633
214	695
217	737
318	789
170	625
464	843
122	877
290	461
49	106
348	402
485	902
89	407
190	459
641	920
131	818
382	400
640	924
511	810
404	684
32	287
115	581
51	300
44	112
730	854
40	407
141	230
438	453
264	529
448	875
508	926
186	875
19	469
183	577
221	869
35	413
202	590
381	821
155	515
702	913
91	988
227	354
34	225
116	523
448	996
281	590
47	423
126	716
313	808
115	823
137	582
257	647
145	177
86	765
91	880
172	539
718	978
121	759
138	174
9	289
451	634
107	595
795	932
376	985
271	703
123	539
546	642
780	809
403	822
384	580
725	873
554	762
39	316
498	601
551	693
410	717
281	832
50	182
561	886
327	719
748	978
27	427
794	865
71	470
128	775
425	473
334	880
213	819
466	999
230	234
466	770
87	185
37	593
23	429
102	722
124	481
105	239
451	647
377	432
201	701
387	891
201	472
137	945
290	958
43	263
466	891
273	725
45	309
47	907
45	80
905	938
798	812
280	886
32	784
197	851
477	905
599	602
461	897
516	604
194	553
166	720
513	535
465	787
143	736
22	217
13	663
132	614
266	843
407	553
314	325
126	274
217	658
38	198
115	381
551	948
64	564
587	605
377	795
143	628
745	962
738	774
163	314
70	86
335	569
302	392
123	915
907	960
819	884
805	949
222	628
617	669
419	913
124	736
399	446
757	908
435	857
388	553
641	733
539	951
33	325
346	556
217	671
48	862
373	393
244	508
170	330
464	548
268	865
101	459
139	980
212	970
311	454
8	682
476	787
261	862
402	572
262	269
38	790
492	731
185	988
427	750
193	583
45	456
172	231
559	677
421	972
402	693
336	339
547	788
93	352
492	852
698	957
189	585
1	763
918	960
413	973
886	927
297	798
195	750
167	688
511	986
293	763
348	470
642	688
265	930
124	991
287	460
232	524
493	565
387	812
505	804
670	871
513	924
480	976
134	339
172	365
834	979
619	825
154	991
116	470
952	971
410	422
459	809
5	373
206	363
154	173
426	632
637	815
408	763
185	425
553	592
369	771
603	938
456	659
184	991
220	648
299	941
822	982
552	892
233	358
111	597
245	597
59	178
658	766
17	181
368	933
349	654
662	885
748	925
154	186
467	646
90	430
86	954
394	841
502	603
328	716
328	487
424	949
864	992
143	441
129	543
173	549
747	821
599	657
329	833
258	364
184	186
53	898
590	608
708	829
340	433
441	485
293	321
279	423
432	436
611	667
77	208
3	30
431	965
164	850
263	600
156	208
92	718
620	837
28	962
413	544
69	734
671	839
338	895
379	896
62	960
76	629
128	267
422	485
501	778
694	907
812	899
462	786
467	901
30	634
351	955
310	688
79	267
180	844
455	783
615	735
496	555
97	809
928	966
155	262
298	799
41	914
531	778
206	981
457	563
321	968
369	450
142	673
529	853
513	845
490	861
149	568
424	507
322	496
668	904
146	270
318	791
731	960
13	155
906	961
436	746
68	350
16	160
408	684
40	288
339	813
7	111
848	956
251	737
251	966
434	858
346	745
46	453
411	874
739	905
73	586
260	641
480	681
34	335
34	106
9	278
317	394
663	802
723	853
772	974
846	923
211	412
82	527
524	872
381	823
642	864
141	582
325	928
361	585
526	918
452	703
779	869
691	985
584	859
336	528
64	69
346	987
294	531
841	929
423	941
390	764
441	995
463	754
494	592
894	977
185	480
78	125
50	292
167	877
382	765
289	308
32	423
458	760
35	428
76	200
526	931
471	995
6	370
209	995
295	998
231	488
377	542
456	835
132	711
99	305
238	649
57	308
76	321
203	362
134	528
595	886
15	82
234	880
509	819
41	485
165	780
421	706
182	195
94	311
280	767
228	311
472	937
486	606
43	265
222	496
213	942
521	829
56	729
501	591
4	310
193	209
413	478
107	960
148	732
13	544
668	704
618	883
497	593
170	198
78	609
231	851
513	537
193	330
143	738
177	322
495	897
354	958
674	899
590	905
10	101
230	370
763	833
480	481
143	630
251	429
154	725
223	330
321	902
462	612
352	740
291	730
673	795
304	440
510	774
128	443
288	432
510	545
78	851
518	894
210	741
196	843
578	908
110	574
220	971
550	846
440	974
145	797
575	610
131	633
376	666
92	907
21	209
482	567
807	852
130	381
388	676
181	575
164	931
709	731
368	438
640	860
29	743
230	733
192	212
63	327
138	915
124	980
432	867
223	693
462	975
572	618
171	274
709	852
547	790
96	100
93	354
165	459
552	868
712	857
395	921
469	870
615	924
81	236
559	800
232	405
853	981
737	806
79	806
767	914
103	934
82	811
156	531
684	916
469	991
482	930
771	804
582	639
62	115
282	347
567	745
6	183
737	927
74	583
179	636
781	970
244	994
230	867
137	639
538	983
918	975
436	706
384	516
568	862
419	473
553	702
283	878
751	983
465	589
313	986
602	860
368	693
421	519
679	814
233	468
183	876
579	876
1	899
475	755
683	704
213	755
309	463
237	883
254	298
245	707
312	468
456	890
69	252
165	714
495	589
113	295
627	745
109	819
136	656
631	635
72	900
655	992
636	713
264	841
240	255
243	489
410	666
5	846
555	761
11	368
213	768
309	476
382	954
297	358
75	245
896	946
32	612
80	94
508	541
219	438
269	784
764	992
208	774
189	266
502	726
101	153
144	789
111	612
185	561
284	769
537	949
652	936
550	659
250	663
411	729
194	731
194	502
340	556
245	962
152	505
23	620
224	610
47	977
193	277
284	661
210	446
523	677
490	729
164	973
398	911
508	554
453	618
29	785
870	906
240	739
73	333
573	619
289	860
383	495
421	787
14	103
805	898
483	847
111	975
427	686
143	927
182	855
39	52
94	742
751	783
401	670
291	798
234	264
920	969
474	919
386	806
513	847
306	517
177	632
130	557
66	801
715	981
195	457
286	804
220	221
827	899
500	504
323	871
598	810
51	183
128	632
78	811
334	737
274	457
75	742
11	986
300	860
28	401
231	235
38	860
107	465
51	533
390	753
183	689
598	702
381	933
821	976
7	234
774	864
8	873
89	532
691	866
23	178
718	740
272	919
36	117
404	809
132	350
660	735
505	861
813	977
216	758
739	799
1	833
16	404
169	646
554	982
669	703
264	654
140	884
234	748
0	581
25	116
54	817
199	646
89	774
37	584
460	687
130	812
787	816
498	713
662	821
192	643
546	875
114	723
576	754
451	759
597	813
201	584
555	816
52	195
249	480
264	788
597	934
399	424
850	885
676	998
159	708
500	772
123	785
412	659
145	544
329	890
291	369
370	662
623	842
84	305
571	652
115	372
395	426
708	886
138	770
424	898
625	888
606	646
644	901
14	734
430	649
146	890
300	539
30	678
379	603
24	146
82	87
100	370
312	549
157	675
726	832
344	501
25	492
286	496
181	214
577	968
198	383
222	740
34	955
612	666
82	208
703	784
276	488
221	552
474	961
372	950
26	47
31	391
430	891
845	904
292	432
330	953
187	904
624	905
383	550
233	791
170	442
400	904
343	370
215	858
512	556
550	848
228	797
66	735
448	571
415	623
548	923
105	848
334	442
545	625
272	961
98	579
387	453
392	797
326	968
642	908
881	961
143	995
246	450
834	849
416	861
261	987
369	749
410	521
621	741
165	461
73	872
389	620
702	851
545	867
567	626
364	526
214	767
179	746
69	120
487	862
440	521
132	176
920	929
156	533
436	816
238	343
329	690
105	982
136	295
141	639
526	975
259	631
0	407
10	829
519	706
285	539
276	985
785	862
117	174
81	480
480	980
438	754
166	295
732	935
64	247
385	827
390	942
343	867
329	932
563	870
217	233
568	985
769	975
497	516
12	996
268	427
56	773
345	647
223	950
4	354
138	583
542	932
289	486
676	932
36	77
338	644
324	480
683	827
120	421
161	193
37	652
4	475
262	999
465	833
64	260
108	303
762	827
65	899
154	419
352	663
131	435
217	475
26	907
29	424
631	758
207	430
133	252
78	316
265	371
743	935
509	768
316	373
25	655
789	822
300	365
315	902
356	674
34	660
483	715
419	959
133	373
100	196
518	709
592	658
275	722
522	828
25	547
352	676
434	486
525	833
52	155
645	898
626	656
67	958
137	199
68	99
133	494
886	960
242	666
316	615
495	846
302	680
696	836
281	328
305	722
35	861
258	381
254	905
851	895
763	782
854	900
81	159
666	849
265	505
523	800
278	444
932	968
9	27
234	374
131	690
525	846
79	271
323	860
846	901
557	798
328	975
51	172
818	839
529	736
837	852
301	320
504	908
638	908
94	744
61	567
190	223
179	559
626	790
552	804
920	971
821	965
67	274
270	862
58	454
526	559
77	467
70	279
27	875
517	968
264	293
88	562
281	462
162	282
126	588
426	557
483	862
867	973
540	578
479	568
212	224
33	747
682	927
649	750
520	865
506	930
943	968
189	994
151	473
44	347
376	857
21	629
38	44
7	236
595	635
237	927
760	968
144	470
190	586
718	971
245	293
195	701
575	922
336	411
38	983
277	999
165	529
60	247
239	478
10	655
612	989
178	468
472	686
442	514
265	881
158	755
507	643
144	591
317	519
33	760
107	709
46	699
822	920
660	858
104	640
257	882
269	707
30	196
57	299
136	592
205	988
236	301
521	928
466	992
72	607
39	659
534	638
19	946
542	987
238	761
665	828
90	597
491	941
169	661
31	956
134	411
87	299
166	363
107	951
368	992
22	318
8	420
321	651
352	489
103	428
750	764
364	957
548	549
188	243
534	651
317	882
110	323
220	720
522	533
291	600
664	882
125	833
235	439
372	710
652	993
321	893
481	845
283	372
761	899
305	656
277	557
53	849
218	916
601	654
312	551
532	783
158	313
812	837
27	796
490	557
814	883
109	313
694	966
694	737
606	890
726	955
110	686
265	331
523	855
366	383
624	907
696	783
145	680
527	745
888	953
728	735
879	904
478	560
730	781
21	321
601	896
620	909
680	960
243	922
314	573
195	393
341	447
13	93
736	976
413	966
788	843
466	563
58	509
311	689
504	855
407	922
322	555
417	563
408	743
399	923
237	861
172	237
691	802
116	571
630	792
131	879
327	525
239	641
65	525
459	681
560	733
238	453
375	687
315	407
8	930
704	862
110	123
170	928
519	816
257	816
90	181
477	590
834	864
88	751
281	651
520	933
146	692
643	744
808	811
679	926
159	402
319	354
425	521
81	711
246	815
769	856
48	305
722	744
111	590
457	998
556	977
451	695
196	405
146	813
850	929
822	867
252	714
338	754
463	934
342	644
639	867
56	546
23	369
157	598
215	539
486	773
747	814
53	891
125	767
259	996
18	146
59	184
129	886
537	711
96	480
421	765
280	826
135	142
183	893
30	385
453	488
866	886
217	477
48	668
138	598
205	359
559	591
449	719
25	657
500	950
178	899
257	963
346	483
19	88
222	676
166	781
40	147
119	440
284	773
325	545
399	494
289	851
22	507
710	881
297	483
22	278
622	768
135	155
52	386
272	426
700	836
175	722
7	91
45	383
284	665
499	553
289	972
39	43
99	619
300	609
580	892
62	966
310	802
81	979
356	918
139	920
348	505
380	723
605	841
591	677
85	805
635	720
420	795
387	618
948	951
874	965
524	623
92	966
246	615
12	448
149	453
155	618
315	341
633	916
540	688
46	567
8	46
211	634
11	51
147	878
785	906
389	677
790	984
366	693
572	798
152	175
317	508
396	801
186	991
24	929
11	172
95	580
329	518
408	811
224	990
260	647
480	916
306	763
438	919
350	806
185	244
83	462
811	935
341	757
216	991
233	406
90	357
334	983
931	973
623	820
494	935
549	642
650	694
688	986
507	645
243	306
415	827
354	817
261	360
574	820
500	642
288	988
169	771
112	237
394	889
103	188
359	639
667	755
59	347
498	946
4	182
9	526
792	935
17	121
46	822
242	468
445	827
835	982
30	548
766	882
62	537
447	873
125	822
722	812
101	199
956	979
185	607
28	889
119	253
220	830
817	820
335	551
104	884
558	825
926	992
131	263
136	607
838	879
103	430
650	828
557	600
63	65
39	903
465	782
31	32
316	659
46	835
528	838
283	482
836	954
305	766
546	892
833	885
198	374
98	436
136	728
287	897
722	825
823	877
405	889
119	495
504	831
352	962
154	489
369	377
57	556
538	600
736	844
82	91
49	143
212	844
476	890
457	611
94	559
38	664
93	105
43	513
511	618
290	619
376	659
340	965
446	903
155	202
210	626
209	438
300	785
9	84
102	275
645	968
304	675
450	729
211	218
524	678
923	949
343	374
40	336
494	506
647	785
435	865
751	842
536	917
200	968
19	398
332	858
165	223
249	860
276	734
152	927
403	509
279	968
26	522
353	688
779	796
512	681
364	517
402	809
952	953
369	632
322	557
415	748
649	686
93	468
271	740
357	514
431	463
670	745
191	747
177	812
237	863
168	992
773	843
317	334
189	822
271	632
30	240
238	455
688	920
361	525
166	286
591	987
9	339
451	684
43	889
473	702
242	281
239	535
321	574
373	764
767	920
579	869
519	589
651	745
76	248
903	929
512	815
42	866
181	944
778	934
410	538
107	766
430	453
17	55
583	695
225	758
789	800
192	581
431	597
128	825
38	114
549	818
535	920
628	882
199	705
75	935
639	977
18	135
97	428
322	812
267	876
17	176
437	533
60	775
49	882
646	872
178	538
219	539
16	705
665	885
169	947
425	644
62	592
351	466
81	605
199	826
70	941
507	713
367	410
23	600
666	706
437	654
729	762
333	533
627	751
257	952
164	495
20	716
636	719
56	669
537	713
743	818
863	883
333	654
439	821
766	950
893	991
631	991
203	315
29	428
337	544
576	826
276	534
312	716
55	794
437	896
504	657
578	606
564	708
784	940
42	74
195	316
365	727
497	883
34	893
409	770
428	783
240	732
54	313
307	493
97	912
620	953
336	965
320	432
325	547
177	383
292	370
705	768
638	778
127	562
228	614
407	845
80	450
723	822
580	773
198	442
65	327
48	683
97	804
12	437
232	440
60	922
591	787
495	850
200	902
107	445
497	896
772	835
538	668
268	807
515	913
821	956
210	802
153	268
275	968
19	453
906	956
339	808
600	620
383	851
130	442
214	813
19	574
160	284
95	569
207	810
656	902
255	329
353	864
12	571
31	584
210	815
227	230
314	872
162	515
217	976
165	520
588	623
660	728
390	867
151	356
772	969
931	962
105	920
260	528
380	859
53	464
880	916
4	50
864	908
102	356
93	536
244	934
423	936
16	289
62	405
193	888
29	228
58	929
34	343
428	462
218	652
111	526
37	348
415	937
396	695
179	697
96	174
321	521
808	868
156	942
579	816
73	944
370	642
530	631
76	195
191	936
172	657
194	416
139	480
264	889
437	817
523	591
24	944
822	924
66	123
442	639
92	526
383	998
116	883
699	938
102	719
556	926
64	198
220	940
330	583
55	378
836	943
280	762
8	303
261	483
168	255
13	647
431	894
145	537
57	424
631	696
189	314
409	583
782	828
460	814
18	432
157	776
532	653
363	881
611	717
65	958
113	477
30	442
356	612
488	768
648	720
138	655
231	846
859	940
148	848
60	735
316	661
80	384
328	900
763	828
548	903
4	547
501	599
826	884
108	604
25	835
949	954
589	648
522	658
374	494
46	140
43	394
34	840
175	550
6	741
257	323
78	846
95	261
320	379
605	777
66	499
162	207
594	618
310	859
392	898
356	975
373	390
82	443
271	379
221	787
529	903
68	279
183	266
155	204
132	974
214	518
179	497
487	613
318	841
137	500
20	918
276	615
386	975
749	798
628	737
394	570
485	954
807	968
672	780
37	269
591	855
223	459
704	732
14	285
346	795
915	952
244	747
68	521
35	344
329	562
367	854
463	562
573	922
210	870
526	618
297	795
223	809
405	557
190	632
94	695
176	505
520	803
420	865
96	216
566	919
170	919
373	753
132	169
390	693
338	503
711	748
755	791
50	221
649	809
112	870
542	683
198	873
332	873
598	992
99	113
114	650
274	639
134	336
480	744
226	568
245	581
551	624
523	525
198	765
230	983
85	299
35	478
384	632
236	239
39	597
704	987
368	809
24	999
421	635
560	979
13	352
412	586
527	536
257	712
692	869
544	705
106	250
4	468
745	880
327	892
330	409
160	486
8	358
127	309
25	527
11	363
217	468
497	522
222	317
287	941
466	943
548	716
474	538
42	881
284	643
270	479
344	428
638	646
757	826
77	84
421	648
302	431
379	651
76	613
733	883
84	245
510	582
166	543
207	544
653	890
36	433
220	779
743	820
187	602
321	831
522	592
527	670
439	823
7	900
444	901
203	546
170	369
172	967
364	908
358	605
583	952
61	318
233	839
627	995
489	536
85	446
360	385
525	718
387	488
879	950
304	490
211	262
106	734
307	495
515	673
50	839
726	893
425	901
230	662
543	893
340	793
54	436
152	742
413	783
17	783
344	912
540	558
182	621
94	508
264	394
302	686
11	739
162	383
902	947
84	729
392	845
318	667
337	909
156	568
82	390
290	568
221	734
343	431
21	380
97	927
790	854
205	726
545	794
177	398
11	860
429	619
286	799
468	547
594	686
49	334
441	858
329	388
12	452
6	112
448	982
776	784
98	869
459	848
63	619
238	391
417	622
436	635
35	291
188	799
716	918
26	471
227	461
595	628
760	961
834	910
77	702
89	756
130	794
88	568
181	759
547	853
277	992
32	407
385	525
266	345
82	753
1	828
169	412
683	862
361	582
177	761
512	980
245	407
528	695
108	109
154	225
646	687
11	176
219	354
683	983
623	703
81	420
134	512
122	192
488	515
70	527
680	685
451	633
143	251
363	520
159	461
467	577
54	933
114	718
857	991
117	235
282	531
590	647
829	929
101	190
139	482
653	703
83	587
28	651
987	993
269	713
692	816
114	839
301	931
516	590
175	297
226	528
152	542
432	596
196	585
129	595
46	826
896	996
228	537
43	262
1	265
37	713
59	243
358	768
210	375
349	719
388	647
461	896
361	958
323	437
221	655
235	324
735	876
206	791
355	362
167	540
324	783
250	834
525	773
814	876
15	671
557	725
409	598
101	445
488	891
316	784
297	542
388	889
132	963
233	786
341	548
101	566
483	668
598	618
235	566
395	555
367	722
97	861
50	786
210	738
339	394
779	895
125	142
624	792
536	908
302	741
159	958
88	260
814	889
236	912
654	671
351	899
404	725
953	967
206	215
371	548
376	663
615	908
193	690
330	961
366	618
545	849
724	851
94	684
770	967
536	800
608	905
319	802
14	166
129	153
181	343
506	628
98	574
184	843
323	921
211	451
1	641
610	722
75	563
228	805
38	910
10	582
266	508
197	408
40	690
683	796
213	618
34	158
177	695
760	787
125	276
765	865
405	559
952	957
811	981
88	623
28	343
910	960
98	816
822	847
693	733
238	567
11	110
305	328
109	682
35	238
427	991
53	521
361	408
70	461
106	118
111	462
429	808
267	975
841	981
500	688
290	878
362	983
305	449
379	398
618	680
577	642
117	398
609	860
375	693
526	862
662	871
491	989
95	760
217	457
315	534
12	762
884	920
543	627
507	704
326	629
226	691
130	754
424	935
182	355
225	991
453	589
692	871
79	119
511	530
535	924
636	710
106	252
432	651
377	715
191	296
671	704
657	769
297	463
104	822
250	647
544	828
120	537
782	885
109	119
235	258
18	489
947	989
231	782
317	822
275	825
550	764
130	178
118	841
173	548
25	421
47	143
115	543
254	887
194	607
105	535
674	951
503	544
374	659
305	825
90	900
370	954
122	852
626	651
612	716
617	831
92	946
636	844
128	374
446	949
72	213
22	621
223	382
443	651
11	499
249	785
230	543
772	826
32	33
395	839
271	315
235	621
155	369
740	793
652	946
705	772
605	834
58	207
261	795
677	710
369	557
575	662
267	317
308	318
120	792
290	449
463	606
17	785
251	723
125	318
825	958
350	436
85	919
11	741
434	844
709	783
179	325
189	747
13	33
813	840
20	975
138	967
876	896
540	681
172	285
22	755
517	963
429	850
718	724
470	622
200	798
129	329
131	927
41	216
309	970
123	285
202	578
114	694
804	912
312	975
353	747
688	737
655	789
262	336
234	503
93	527
313	796
607	748
178	342
422	968
18	878
255	562
21	395
447	503
130	567
718	966
468	791
330	332
456	471
294	409
202	820
324	517
389	912
458	517
111	409
176	804
47	882
88	691
570	694
64	68
363	630
253	758
41	350
500	864
445	699
44	355
68	941
324	409
389	804
139	592
3	997
1	133
125	465
4	404
23	417
878	931
19	712
280	982
385	769
392	405
289	657
757	762
94	189
388	407
51	785
319	536
71	471
42	938
639	928
534	646
536	655
761	773
24	251
43	264
750	880
736	945
39	788
548	894
474	716
364	844
67	69
270	428
118	788
756	816
393	764
508	714
398	842
439	880
599	832
19	257
967	999
81	906
299	311
276	593
345	952
419	901
21	74
143	966
143	737
435	845
723	760
102	147
580	711
370	901
222	737
122	799
497	713
409	829
376	652
137	141
851	945
240	791
634	947
422	539
50	896
193	450
50	667
129	960
26	44
182	786
569	966
25	839
379	842
79	321
20	909
395	786
35	214
202	391
675	840
41	968
277	915
79	442
294	330
60	163
