0	12	44	76	336	410	484	487	560	630	724	782	837	885	903
1	62	78	184	187	218	225	252	267	305	342	403	413	482	503	510	586	597	627	637	659	694	707	806	875	894	949	955	986
2	239	260	294	306	415	515	526	635	651	669	682	713	848	871	914	978
3	58	65	157	295	324	333	367	457	619	643	684	714	718	735	799	801	804	943	958
4	188	209	250	322	397	451	494	533	554	611	677	754	898	909	933	984
5	6	33	93	130	177	196	212	317	327	511	514	523	559	566	625	704	750	751	808	873	939	963
7	8	68	98	106	244	248	312	340	452	568	621	631	632	670	703	816	831	911	961
9	26	32	55	145	243	264	350	435	472	629	634	695	791	810	840	938	962	998
10	120	179	210	517	531	556	599	824	893	919	923	972
11	46	152	165	167	176	229	292	402	437	658	662	688	692	711	721	738	770	855	895	908	966	995
13	28	70	204	234	237	537	583	661	811	820	846	882	907	992
