436	1
679	0
417	0
437	1
54	1
385	1
147	1
576	3
174	3
661	2
797	0
298	0
745	1
251	3
899	3
359	1
432	3
94	1
915	1
550	3
966	1
603	1
792	3
843	0
148	2
397	1
561	3
566	0
239	2
515	2
51	2
464	2
491	1
736	1
716	1
854	1
427	1
751	1
31	3
199	1
335	3
468	3
725	1
654	2
332	2
864	1
104	3
448	0
216	2
689	1
238	0
670	3
859	1
442	2
443	2
366	2
633	3
37	2
165	1
116	1
458	2
55	1
182	1
41	2
284	3
115	2
987	3
192	3
453	3
271	0
746	3
290	1
988	0
343	2
622	3
35	3
469	3
265	3
931	1
774	2
808	0
75	3
807	1
534	1
567	2
176	0
454	2
803	1
753	2
870	2
169	2
819	1
577	3
644	1
293	3
885	2
540	3
762	0
130	1
865	3
639	2
741	3
295	1
983	1
33	0
50	3
346	3
616	3
757	3
163	2
223	3
445	0
875	0
426	3
393	2
685	2
123	3
824	2
546	3
927	0
618	0
348	1
942	3
370	1
701	2
103	0
357	0
232	1
767	0
259	3
634	2
747	0
23	0
593	1
9	3
695	1
479	2
88	0
932	1
822	0
319	1
362	3
117	3
413	0
153	2
815	1
943	1
64	0
264	3
840	1
449	1
951	0
989	1
645	3
247	1
712	2
52	3
368	2
604	0
881	0
166	1
655	3
465	0
722	1
418	2
876	3
32	2
481	1
666	0
80	0
322	1
541	1
717	3
489	2
527	3
558	2
886	2
632	3
835	3
981	1
444	2
784	2
29	1
542	1
83	1
778	2
312	3
3	1
260	1
13	2
948	2
687	1
892	2
76	2
738	1
98	2
497	0
459	3
476	0
285	1
323	1
501	1
887	0
229	1
953	2
954	3
36	3
902	2
798	0
262	2
374	2
553	0
700	2
723	2
395	0
841	3
832	2
842	1
908	3
702	2
769	2
619	1
734	3
316	1
733	3
610	0
258	3
728	1
411	0
970	1
354	1
772	0
949	0
404	2
101	2
744	1
65	3
333	3
510	0
329	0
379	3
862	0
119	0
569	3
521	0
549	2
196	3
789	3
446	0
39	1
383	0
615	0
135	2
513	2
140	2
857	2
365	0
975	3
387	3
631	1
84	3
779	3
677	3
934	1
96	0
154	0
640	0
806	1
11	3
46	2
207	1
924	3
279	2
800	1
801	2
58	3
414	1
149	3
919	2
56	0
547	3
965	3
215	2
226	1
299	1
863	0
277	1
794	3
472	1
791	3
697	0
909	3
67	2
177	1
873	3
595	0
581	2
773	1
904	1
105	2
179	2
748	3
847	2
651	2
914	2
403	3
812	3
21	3
518	1
208	3
344	3
650	3
168	3
945	3
460	3
565	1
185	3
360	1
755	0
756	2
570	2
925	1
555	1
802	2
627	0
678	0
431	1
766	1
817	3
85	2
129	0
71	3
231	0
112	1
683	2
342	0
694	0
935	2
144	0
709	3
620	0
638	2
47	2
776	3
74	0
879	1
657	0
705	0
992	2
186	1
183	1
941	3
750	3
34	1
699	2
125	3
713	1
861	0
102	1
833	2
710	3
289	2
659	0
435	3
484	2
151	2
242	2
764	3
170	0
175	0
530	0
419	2
890	2
78	0
597	3
889	1
253	1
423	0
668	3
813	2
571	3
880	3
380	3
531	2
12	2
143	0
523	1
839	2
187	0
665	0
90	2
957	3
508	2
525	2
537	2
895	3
351	0
516	1
189	1
562	0
538	3
288	1
732	3
557	1
707	0
141	1
433	0
131	2
742	3
511	1
963	1
582	1
614	2
906	1
907	2
855	3
246	0
834	2
471	2
783	1
127	1
973	1
605	1
314	1
799	2
429	3
126	0
850	1
167	1
675	1
624	0
337	1
968	3
698	3
947	3
376	3
896	3
269	1
275	1
911	3
7	3
499	2
737	1
364	2
512	2
162	3
563	1
200	0
901	0
211	3
455	1
475	3
691	3
121	2
912	1
686	3
682	2
979	3
415	2
635	2
14	2
291	0
420	2
206	1
461	1
230	1
338	2
388	1
389	0
59	0
496	3
974	0
38	3
933	1
984	2
641	1
91	3
107	2
198	1
758	2
225	3
708	2
486	3
636	1
584	1
109	0
585	2
711	2
754	2
43	1
66	0
526	2
851	2
353	3
969	3
313	3
866	1
280	2
918	0
22	2
128	1
985	0
692	0
940	1
964	2
913	2
250	3
517	2
272	2
276	2
2	2
810	3
494	2
877	3
405	1
805	2
944	2
821	1
234	2
923	2
303	1
528	1
134	1
548	1
171	0
759	1
625	1
929	0
0	2
487	2
995	1
872	3
219	1
599	2
647	1
53	3
888	2
218	0
955	3
142	0
601	2
693	2
642	0
297	2
704	3
286	2
308	1
652	0
6	0
345	2
768	1
991	0
100	1
193	0
416	3
539	3
781	1
228	0
488	3
483	2
257	2
653	1
188	2
155	3
719	3
138	3
320	1
478	3
837	2
302	2
787	2
662	1
181	1
268	3
663	2
164	2
853	2
150	1
195	1
93	3
92	3
950	1
529	3
381	1
793	1
997	3
580	1
327	3
82	1
612	1
480	0
658	0
77	2
589	2
607	1
68	1
340	3
99	0
956	2
921	2
209	1
730	2
470	1
505	2
739	3
49	3
106	3
982	2
202	0
690	1
274	3
910	1
26	3
375	0
503	0
575	3
680	0
972	2
572	2
463	1
623	1
287	2
820	2
860	2
649	0
978	1
363	1
392	3
305	0
213	2
507	0
184	0
369	2
937	2
28	2
301	0
25	1
884	0
326	1
598	3
173	3
594	3
522	1
57	2
79	2
178	2
356	3
606	2
664	2
161	2
763	3
331	3
882	2
391	0
830	1
61	3
137	3
180	0
617	2
273	2
959	1
938	1
97	2
159	3
425	1
688	3
770	1
785	3
903	2
317	1
852	3
450	1
261	3
205	2
441	2
122	0
519	1
560	2
156	3
334	0
780	2
172	3
452	3
922	2
311	0
796	2
498	0
724	2
328	1
667	1
559	1
399	1
347	1
611	2
586	0
848	2
336	2
554	1
17	2
390	3
217	3
926	1
270	1
8	1
60	2
648	1
40	3
628	1
267	0
341	2
930	0
282	2
72	2
428	2
245	0
818	0
410	2
396	2
350	3
831	3
564	0
256	1
407	3
587	2
412	3
236	0
869	1
643	3
592	1
590	1
829	1
378	2
946	3
157	1
372	3
300	0
474	0
434	3
367	1
845	1
278	0
721	1
891	1
406	1
958	3
749	3
660	2
552	3
377	0
422	0
788	1
191	1
321	1
438	0
111	3
681	2
591	3
281	1
401	2
609	1
304	1
727	1
315	2
355	3
384	3
81	1
897	1
4	3
856	2
114	3
579	2
551	1
382	1
158	2
15	2
809	3
917	3
867	1
795	2
672	3
220	2
477	2
456	2
255	1
574	0
62	0
466	2
760	3
19	2
826	2
996	1
30	3
939	0
467	2
637	0
318	3
462	2
235	3
252	0
714	3
868	0
536	3
883	1
24	2
124	2
194	1
543	0
325	3
838	0
233	3
473	2
894	3
520	1
545	1
782	1
777	3
674	2
602	1
720	1
371	1
492	2
533	2
726	2
977	3
811	2
556	2
790	2
120	2
825	1
424	2
10	2
804	1
307	3
578	3
152	1
212	3
583	2
398	0
814	1
145	2
502	1
358	3
44	1
197	1
400	3
421	2
844	1
222	0
296	3
283	2
600	3
409	2
221	3
244	1
656	3
898	1
893	2
69	1
87	0
960	2
63	3
493	0
976	1
509	1
214	1
920	3
339	1
786	3
735	3
447	2
916	1
243	2
874	0
306	2
993	2
133	1
224	1
402	0
967	1
451	2
294	3
936	1
998	3
73	0
588	1
263	0
86	1
70	2
994	3
210	2
42	3
249	3
241	3
671	2
204	2
676	2
1	0
292	3
16	2
95	2
816	1
626	1
846	1
201	1
237	2
524	0
349	0
132	1
878	1
203	0
352	0
900	0
490	3
771	1
613	1
621	3
495	1
715	1
248	3
962	2
506	0
608	3
227	2
361	0
439	2
108	2
775	2
743	1
980	3
139	3
310	2
386	2
990	2
544	0
673	0
596	1
827	1
740	3
573	0
457	3
684	3
971	2
514	3
706	0
48	0
669	1
18	3
836	3
999	3
871	1
718	2
629	3
532	0
485	2
828	1
394	0
430	0
254	2
113	3
440	2
761	2
952	3
568	1
646	2
160	0
5	1
309	3
373	2
330	3
27	1
752	2
408	1
110	2
504	0
729	2
136	3
858	3
146	0
823	1
89	3
324	1
765	2
986	3
190	2
20	0
928	1
961	3
630	2
118	2
696	1
535	3
266	0
703	2
731	2
45	3
905	1
240	1
849	2
482	0
500	1
