309	0.183	0.244	0.808	0.813	0.824
904	0.137	0.162	0.5	0.823	0.84
139	0.139	0.178	0.806	0.815	0.829
981	0.126	0.154	0.787	0.815	0.831
596	0.167	0.188	0.81	0.818	0.829
668	0.183	0.228	0.795	0.808	0.821
386	0.14	0.18	0.785	0.817	0.827
858	0.159	0.188	0.802	0.814	0.828
647	0.164	0.195	0.803	0.816	0.83
899	0.155	0.193	0.808	0.817	0.832
688	0.12	0.131	0.14	0.83	0.854
900	0.146	0.182	0.794	0.809	0.829
86	0.132	0.145	0.169	0.827	0.843
566	0.182	0.227	0.795	0.807	0.827
55	0.152	0.182	0.797	0.808	0.829
987	0.155	0.173	0.802	0.812	0.828
397	0.136	0.147	0.8	0.817	0.828
724	0.129	0.158	0.801	0.82	0.836
471	0.136	0.154	0.805	0.818	0.834
673	0.136	0.157	0.81	0.821	0.831
853	0.17	0.203	0.794	0.811	0.823
42	0.147	0.195	0.798	0.807	0.818
267	0.156	0.18	0.802	0.82	0.842
341	0.214	0.245	0.802	0.807	0.826
792	0.187	0.267	0.794	0.804	0.821
157	0.137	0.166	0.794	0.807	0.821
217	0.136	0.173	0.802	0.812	0.822
220	0.156	0.193	0.804	0.816	0.829
273	0.159	0.186	0.801	0.81	0.823
211	0.149	0.182	0.808	0.821	0.83
453	0.138	0.156	0.801	0.817	0.834
371	0.141	0.168	0.5	0.825	0.844
442	0.12	0.144	0.798	0.819	0.835
307	0.123	0.15	0.803	0.815	0.833
915	0.136	0.18	0.801	0.809	0.824
601	0.122	0.151	0.793	0.819	0.834
100	0.126	0.15	0.799	0.818	0.837
622	0.14	0.162	0.791	0.822	0.839
153	0.122	0.157	0.803	0.816	0.826
448	0.154	0.172	0.806	0.82	0.834
34	0.163	0.181	0.805	0.816	0.826
268	0.148	0.169	0.797	0.823	0.837
504	0.189	0.215	0.8	0.811	0.823
971	0.185	0.237	0.8	0.807	0.817
859	0.174	0.198	0.802	0.813	0.83
259	0.131	0.201	0.801	0.812	0.821
355	0.109	0.146	0.784	0.817	0.834
848	0.151	0.178	0.79	0.814	0.83
264	0.126	0.141	0.159	0.822	0.841
464	0.134	0.146	0.792	0.817	0.841
23	0.14	0.165	0.796	0.811	0.833
109	0.137	0.166	0.798	0.812	0.827
401	0.133	0.15	0.485	0.819	0.841
735	0.126	0.145	0.157	0.828	0.841
654	0.125	0.161	0.8	0.817	0.836
0	0.143	0.163	0.804	0.82	0.835
391	0.148	0.159	0.8	0.817	0.832
36	0.132	0.16	0.174	0.816	0.837
48	0.133	0.174	0.806	0.815	0.831
593	0.224	0.777	0.798	0.808	0.818
905	0.138	0.163	0.793	0.814	0.835
150	0.151	0.175	0.807	0.815	0.824
335	0.129	0.145	0.167	0.823	0.837
482	0.127	0.161	0.795	0.812	0.83
808	0.149	0.176	0.809	0.817	0.832
444	0.216	0.268	0.805	0.816	0.825
516	0.133	0.159	0.799	0.819	0.842
81	0.151	0.176	0.8	0.81	0.826
642	0.129	0.158	0.177	0.824	0.835
797	0.147	0.164	0.801	0.814	0.827
61	0.144	0.166	0.801	0.816	0.83
751	0.148	0.175	0.8	0.813	0.837
931	0.13	0.16	0.788	0.815	0.838
148	0.131	0.154	0.793	0.814	0.83
639	0.249	0.783	0.8	0.809	0.814
160	0.152	0.17	0.801	0.821	0.836
184	0.131	0.147	0.165	0.812	0.837
373	0.118	0.147	0.791	0.811	0.828
757	0.118	0.135	0.146	0.823	0.844
206	0.147	0.169	0.798	0.813	0.836
351	0.157	0.208	0.801	0.812	0.822
445	0.221	0.263	0.801	0.81	0.816
633	0.163	0.19	0.804	0.81	0.823
362	0.138	0.159	0.795	0.808	0.833
864	0.126	0.137	0.147	0.827	0.846
178	0.176	0.206	0.799	0.807	0.82
289	0.16	0.207	0.793	0.811	0.825
16	0.186	0.228	0.801	0.812	0.829
227	0.187	0.229	0.802	0.809	0.821
711	0.124	0.163	0.174	0.824	0.837
752	0.14	0.169	0.798	0.806	0.82
356	0.169	0.19	0.809	0.818	0.826
213	0.133	0.156	0.801	0.816	0.831
741	0.154	0.187	0.802	0.813	0.821
366	0.175	0.207	0.802	0.811	0.821
983	0.139	0.162	0.797	0.814	0.828
526	0.132	0.156	0.804	0.817	0.834
77	0.157	0.183	0.798	0.816	0.834
880	0.159	0.185	0.8	0.808	0.83
39	0.139	0.165	0.795	0.827	0.837
588	0.116	0.144	0.162	0.821	0.841
686	0.168	0.206	0.795	0.806	0.815
695	0.159	0.19	0.801	0.811	0.828
586	0.127	0.151	0.787	0.813	0.832
778	0.13	0.164	0.482	0.819	0.835
927	0.156	0.181	0.802	0.814	0.834
967	0.136	0.166	0.781	0.822	0.831
396	0.14	0.184	0.795	0.805	0.822
19	0.174	0.207	0.805	0.812	0.825
875	0.129	0.153	0.794	0.815	0.841
602	0.214	0.253	0.804	0.813	0.833
234	0.152	0.194	0.797	0.816	0.829
571	0.169	0.218	0.798	0.808	0.814
404	0.152	0.17	0.799	0.809	0.821
982	0.129	0.151	0.796	0.817	0.829
266	0.127	0.149	0.794	0.816	0.832
651	0.177	0.198	0.797	0.816	0.828
250	0.155	0.19	0.801	0.818	0.827
515	0.178	0.23	0.801	0.809	0.816
40	0.162	0.187	0.804	0.812	0.823
705	0.148	0.164	0.801	0.814	0.845
293	0.209	0.241	0.798	0.81	0.82
885	0.208	0.51	0.799	0.808	0.816
76	0.13	0.154	0.798	0.813	0.831
263	0.185	0.218	0.799	0.81	0.823
454	0.129	0.146	0.805	0.818	0.836
479	0.127	0.151	0.171	0.822	0.846
465	0.118	0.15	0.173	0.823	0.839
181	0.182	0.207	0.799	0.808	0.826
829	0.163	0.201	0.806	0.813	0.819
167	0.231	0.286	0.802	0.81	0.821
170	0.132	0.146	0.789	0.817	0.839
936	0.137	0.152	0.795	0.814	0.834
113	0.158	0.192	0.798	0.81	0.84
402	0.25	0.783	0.795	0.802	0.81
393	0.112	0.146	0.163	0.821	0.841
685	0.172	0.225	0.794	0.816	0.83
646	0.147	0.175	0.802	0.809	0.826
865	0.144	0.176	0.803	0.819	0.838
99	0.23	0.277	0.8	0.807	0.82
238	0.139	0.153	0.172	0.821	0.846
35	0.131	0.171	0.801	0.822	0.836
470	0.131	0.16	0.798	0.808	0.833
469	0.166	0.196	0.803	0.815	0.827
348	0.157	0.184	0.802	0.822	0.84
942	0.151	0.171	0.808	0.819	0.839
24	0.152	0.165	0.798	0.813	0.834
64	0.137	0.175	0.794	0.807	0.826
29	0.132	0.166	0.796	0.818	0.83
408	0.117	0.145	0.798	0.817	0.835
521	0.127	0.158	0.81	0.822	0.84
870	0.134	0.158	0.796	0.82	0.831
120	0.129	0.159	0.781	0.815	0.834
194	0.239	0.769	0.793	0.803	0.811
475	0.147	0.19	0.801	0.816	0.838
216	0.141	0.162	0.801	0.813	0.833
190	0.119	0.144	0.801	0.814	0.831
999	0.139	0.161	0.803	0.815	0.833
193	0.152	0.174	0.805	0.821	0.834
14	0.16	0.184	0.801	0.814	0.83
773	0.122	0.154	0.806	0.817	0.832
91	0.133	0.164	0.804	0.822	0.833
239	0.154	0.161	0.8	0.818	0.831
96	0.127	0.167	0.806	0.824	0.84
583	0.142	0.174	0.804	0.817	0.829
299	0.155	0.183	0.799	0.811	0.822
247	0.173	0.197	0.803	0.809	0.819
932	0.146	0.18	0.807	0.82	0.836
324	0.12	0.171	0.798	0.809	0.83
706	0.127	0.153	0.799	0.814	0.837
549	0.179	0.202	0.797	0.811	0.819
824	0.156	0.175	0.797	0.809	0.823
461	0.141	0.166	0.805	0.816	0.835
722	0.131	0.154	0.794	0.817	0.835
446	0.133	0.158	0.801	0.814	0.834
196	0.126	0.145	0.787	0.813	0.834
413	0.184	0.222	0.8	0.813	0.821
270	0.126	0.142	0.159	0.824	0.84
528	0.114	0.143	0.791	0.809	0.826
886	0.157	0.183	0.801	0.812	0.829
3	0.113	0.146	0.796	0.815	0.832
18	0.119	0.14	0.155	0.82	0.84
388	0.159	0.201	0.798	0.814	0.828
214	0.13	0.153	0.803	0.814	0.828
430	0.108	0.141	0.155	0.829	0.855
412	0.139	0.177	0.8	0.816	0.836
164	0.136	0.159	0.8	0.817	0.832
609	0.143	0.165	0.801	0.818	0.833
926	0.165	0.209	0.807	0.815	0.827
805	0.152	0.184	0.802	0.814	0.835
871	0.146	0.171	0.797	0.819	0.833
502	0.124	0.147	0.49	0.819	0.836
604	0.189	0.233	0.8	0.813	0.826
667	0.125	0.15	0.16	0.826	0.845
937	0.13	0.154	0.179	0.826	0.845
202	0.154	0.18	0.809	0.821	0.839
312	0.142	0.174	0.801	0.812	0.833
532	0.157	0.186	0.804	0.813	0.83
712	0.174	0.198	0.801	0.811	0.823
592	0.145	0.179	0.8	0.813	0.825
763	0.132	0.171	0.803	0.815	0.84
481	0.131	0.162	0.793	0.817	0.835
468	0.151	0.174	0.8	0.816	0.837
993	0.164	0.188	0.794	0.804	0.822
330	0.137	0.155	0.794	0.819	0.839
368	0.204	0.269	0.796	0.803	0.811
294	0.188	0.207	0.799	0.814	0.822
840	0.155	0.187	0.799	0.807	0.82
321	0.115	0.142	0.754	0.813	0.839
943	0.183	0.206	0.794	0.809	0.826
385	0.151	0.183	0.8	0.814	0.823
958	0.174	0.206	0.808	0.815	0.827
66	0.175	0.207	0.802	0.81	0.822
424	0.17	0.193	0.798	0.809	0.821
921	0.142	0.167	0.807	0.818	0.838
938	0.176	0.2	0.803	0.816	0.829
544	0.149	0.175	0.803	0.817	0.844
492	0.165	0.195	0.804	0.812	0.82
423	0.156	0.182	0.8	0.809	0.823
661	0.23	0.781	0.794	0.801	0.81
15	0.207	0.237	0.794	0.806	0.819
378	0.15	0.18	0.801	0.811	0.827
548	0.123	0.157	0.8	0.814	0.839
841	0.131	0.16	0.177	0.825	0.841
718	0.18	0.221	0.799	0.807	0.822
110	0.161	0.184	0.807	0.815	0.834
615	0.175	0.199	0.799	0.812	0.827
275	0.137	0.157	0.798	0.82	0.84
948	0.148	0.172	0.8	0.818	0.833
449	0.134	0.161	0.806	0.817	0.835
835	0.156	0.175	0.798	0.811	0.823
655	0.125	0.154	0.48	0.82	0.839
774	0.155	0.188	0.791	0.803	0.821
27	0.246	0.286	0.797	0.807	0.829
846	0.236	0.531	0.795	0.805	0.82
550	0.148	0.177	0.795	0.808	0.82
887	0.147	0.159	0.795	0.817	0.83
522	0.136	0.165	0.794	0.818	0.832
825	0.136	0.162	0.793	0.819	0.838
186	0.168	0.187	0.801	0.81	0.826
610	0.145	0.16	0.809	0.822	0.834
332	0.125	0.152	0.165	0.824	0.846
435	0.128	0.15	0.798	0.816	0.836
337	0.142	0.178	0.804	0.818	0.832
779	0.2	0.236	0.794	0.804	0.819
65	0.164	0.19	0.806	0.813	0.836
328	0.138	0.161	0.802	0.816	0.834
959	0.134	0.176	0.795	0.809	0.821
524	0.134	0.161	0.491	0.823	0.839
605	0.142	0.163	0.795	0.818	0.835
257	0.129	0.156	0.798	0.815	0.827
261	0.128	0.15	0.164	0.831	0.855
21	0.168	0.187	0.807	0.814	0.829
331	0.118	0.171	0.785	0.812	0.834
964	0.164	0.206	0.797	0.814	0.828
969	0.199	0.233	0.8	0.809	0.819
691	0.17	0.206	0.802	0.81	0.831
228	0.204	0.267	0.792	0.806	0.819
728	0.161	0.209	0.798	0.806	0.828
769	0.148	0.171	0.799	0.814	0.826
715	0.128	0.153	0.795	0.816	0.837
121	0.144	0.164	0.806	0.816	0.832
195	0.162	0.176	0.799	0.813	0.826
322	0.148	0.178	0.808	0.821	0.833
580	0.185	0.219	0.795	0.809	0.836
115	0.148	0.176	0.802	0.814	0.836
558	0.194	0.227	0.8	0.808	0.818
63	0.227	0.267	0.798	0.809	0.821
390	0.163	0.187	0.805	0.815	0.825
497	0.145	0.179	0.812	0.818	0.831
114	0.138	0.178	0.799	0.809	0.827
333	0.156	0.177	0.805	0.81	0.818
383	0.174	0.252	0.8	0.808	0.819
723	0.198	0.228	0.797	0.811	0.822
327	0.14	0.161	0.792	0.823	0.841
354	0.175	0.211	0.8	0.815	0.824
436	0.181	0.205	0.806	0.819	0.836
5	0.133	0.16	0.796	0.813	0.83
282	0.209	0.266	0.799	0.804	0.816
786	0.212	0.247	0.796	0.806	0.816
847	0.169	0.195	0.798	0.813	0.824
13	0.138	0.163	0.793	0.814	0.836
143	0.161	0.184	0.805	0.811	0.826
612	0.156	0.183	0.798	0.817	0.828
960	0.152	0.173	0.8	0.818	0.83
244	0.159	0.192	0.799	0.812	0.823
564	0.16	0.185	0.795	0.812	0.825
510	0.119	0.166	0.81	0.823	0.837
949	0.124	0.16	0.801	0.816	0.829
260	0.13	0.172	0.797	0.812	0.828
142	0.175	0.211	0.804	0.816	0.826
553	0.224	0.282	0.801	0.809	0.822
734	0.18	0.2	0.805	0.809	0.823
269	0.121	0.153	0.788	0.818	0.844
749	0.115	0.162	0.787	0.812	0.838
965	0.136	0.157	0.802	0.818	0.83
325	0.161	0.19	0.8	0.806	0.823
903	0.178	0.219	0.797	0.807	0.818
58	0.14	0.163	0.799	0.815	0.827
559	0.126	0.15	0.794	0.82	0.833
180	0.156	0.182	0.796	0.808	0.821
256	0.171	0.213	0.801	0.811	0.827
765	0.144	0.171	0.798	0.81	0.827
909	0.144	0.17	0.804	0.811	0.826
187	0.173	0.226	0.794	0.807	0.818
572	0.158	0.194	0.804	0.814	0.826
780	0.172	0.211	0.807	0.814	0.827
443	0.148	0.172	0.795	0.807	0.827
666	0.182	0.204	0.794	0.8	0.819
140	0.212	0.251	0.804	0.813	0.828
857	0.108	0.155	0.801	0.818	0.84
739	0.133	0.158	0.793	0.815	0.832
893	0.12	0.162	0.798	0.822	0.837
806	0.173	0.226	0.801	0.809	0.822
677	0.119	0.16	0.787	0.819	0.841
535	0.151	0.176	0.805	0.822	0.838
785	0.128	0.166	0.802	0.817	0.829
924	0.14	0.164	0.805	0.815	0.833
852	0.119	0.143	0.48	0.823	0.844
111	0.156	0.192	0.806	0.816	0.827
277	0.147	0.177	0.797	0.809	0.828
429	0.13	0.161	0.799	0.819	0.834
456	0.151	0.178	0.797	0.82	0.834
406	0.171	0.201	0.807	0.815	0.831
868	0.156	0.171	0.805	0.816	0.832
693	0.176	0.228	0.801	0.808	0.821
898	0.159	0.222	0.802	0.809	0.821
225	0.158	0.184	0.807	0.816	0.831
478	0.162	0.187	0.806	0.817	0.835
744	0.137	0.16	0.178	0.822	0.853
25	0.162	0.193	0.807	0.817	0.828
210	0.214	0.254	0.802	0.809	0.818
54	0.138	0.168	0.806	0.81	0.826
682	0.115	0.127	0.138	0.83	0.851
381	0.127	0.158	0.801	0.813	0.836
811	0.145	0.176	0.803	0.813	0.836
929	0.181	0.222	0.796	0.81	0.824
595	0.173	0.216	0.802	0.81	0.821
740	0.168	0.195	0.801	0.812	0.823
791	0.177	0.215	0.804	0.812	0.827
182	0.157	0.173	0.795	0.821	0.853
867	0.141	0.176	0.805	0.818	0.831
125	0.128	0.154	0.175	0.822	0.835
50	0.143	0.178	0.806	0.818	0.827
159	0.129	0.163	0.788	0.816	0.833
129	0.127	0.141	0.156	0.822	0.851
452	0.124	0.147	0.799	0.821	0.84
883	0.137	0.196	0.8	0.818	0.831
914	0.136	0.163	0.798	0.813	0.84
672	0.189	0.244	0.793	0.804	0.814
93	0.201	0.269	0.792	0.804	0.813
529	0.195	0.253	0.802	0.812	0.823
41	0.123	0.135	0.473	0.813	0.837
339	0.106	0.137	0.145	0.814	0.838
795	0.136	0.155	0.794	0.818	0.835
801	0.211	0.263	0.795	0.801	0.811
570	0.229	0.271	0.799	0.809	0.823
498	0.178	0.21	0.804	0.815	0.828
598	0.237	0.644	0.79	0.798	0.81
930	0.164	0.203	0.787	0.811	0.826
697	0.139	0.159	0.809	0.82	0.828
329	0.165	0.197	0.798	0.812	0.831
513	0.167	0.185	0.806	0.816	0.828
796	0.157	0.19	0.807	0.814	0.825
67	0.156	0.194	0.794	0.808	0.823
499	0.142	0.168	0.803	0.816	0.837
177	0.219	0.252	0.798	0.806	0.817
873	0.142	0.166	0.803	0.818	0.829
519	0.145	0.17	0.796	0.809	0.835
226	0.172	0.2	0.799	0.813	0.826
314	0.145	0.168	0.792	0.813	0.829
878	0.219	0.262	0.798	0.805	0.825
418	0.132	0.164	0.795	0.816	0.83
447	0.149	0.174	0.811	0.821	0.836
704	0.187	0.221	0.803	0.812	0.825
233	0.156	0.181	0.805	0.816	0.825
925	0.124	0.137	0.475	0.815	0.837
458	0.134	0.175	0.8	0.809	0.823
417	0.209	0.23	0.801	0.812	0.825
678	0.153	0.172	0.803	0.817	0.833
306	0.177	0.206	0.801	0.81	0.819
879	0.139	0.157	0.8	0.818	0.831
287	0.152	0.178	0.801	0.816	0.83
637	0.167	0.2	0.8	0.81	0.822
249	0.142	0.159	0.809	0.818	0.836
345	0.186	0.214	0.801	0.813	0.824
920	0.165	0.195	0.801	0.812	0.824
727	0.138	0.176	0.799	0.813	0.829
889	0.199	0.778	0.793	0.798	0.81
135	0.204	0.255	0.8	0.806	0.816
997	0.149	0.164	0.799	0.818	0.839
130	0.106	0.135	0.148	0.823	0.842
919	0.115	0.132	0.144	0.821	0.845
199	0.23	0.78	0.792	0.801	0.812
653	0.119	0.137	0.166	0.821	0.844
694	0.161	0.178	0.802	0.814	0.829
317	0.158	0.196	0.796	0.807	0.821
745	0.125	0.164	0.798	0.813	0.831
229	0.215	0.249	0.796	0.809	0.819
632	0.156	0.173	0.8	0.82	0.837
38	0.149	0.174	0.809	0.817	0.83
283	0.137	0.161	0.485	0.815	0.836
172	0.125	0.157	0.166	0.825	0.838
771	0.124	0.147	0.164	0.822	0.845
218	0.158	0.184	0.808	0.819	0.829
658	0.147	0.165	0.805	0.814	0.832
708	0.148	0.183	0.796	0.809	0.82
620	0.175	0.213	0.802	0.816	0.829
638	0.174	0.202	0.8	0.81	0.828
367	0.127	0.148	0.163	0.813	0.837
59	0.161	0.189	0.805	0.813	0.83
212	0.129	0.146	0.8	0.812	0.826
514	0.148	0.166	0.802	0.815	0.841
533	0.124	0.151	0.173	0.823	0.835
935	0.143	0.162	0.804	0.815	0.832
986	0.188	0.22	0.801	0.81	0.822
467	0.167	0.19	0.796	0.814	0.823
581	0.189	0.224	0.791	0.809	0.819
648	0.151	0.19	0.803	0.813	0.829
117	0.156	0.179	0.809	0.818	0.833
623	0.154	0.18	0.807	0.815	0.828
828	0.146	0.162	0.792	0.815	0.83
43	0.136	0.152	0.163	0.823	0.852
253	0.133	0.148	0.168	0.82	0.835
483	0.16	0.195	0.799	0.814	0.829
525	0.156	0.178	0.796	0.819	0.839
342	0.188	0.214	0.803	0.811	0.821
998	0.225	0.278	0.799	0.81	0.818
245	0.128	0.156	0.8	0.813	0.829
363	0.145	0.174	0.803	0.819	0.832
874	0.244	0.788	0.793	0.8	0.81
611	0.145	0.163	0.806	0.82	0.833
710	0.236	0.285	0.8	0.804	0.816
738	0.198	0.25	0.794	0.804	0.818
762	0.153	0.175	0.797	0.806	0.82
8	0.133	0.155	0.176	0.823	0.836
304	0.118	0.126	0.138	0.828	0.855
426	0.163	0.205	0.8	0.812	0.822
462	0.154	0.173	0.8	0.82	0.832
587	0.164	0.184	0.799	0.81	0.822
151	0.166	0.188	0.801	0.81	0.824
725	0.151	0.173	0.806	0.814	0.829
500	0.137	0.158	0.799	0.816	0.836
252	0.152	0.171	0.8	0.816	0.841
777	0.13	0.161	0.804	0.817	0.83
766	0.128	0.166	0.807	0.817	0.838
527	0.141	0.164	0.8	0.823	0.837
716	0.202	0.245	0.798	0.804	0.817
84	0.137	0.167	0.797	0.82	0.837
823	0.156	0.172	0.801	0.816	0.836
576	0.187	0.241	0.798	0.808	0.823
254	0.151	0.171	0.806	0.816	0.835
428	0.126	0.154	0.801	0.814	0.843
92	0.168	0.194	0.812	0.817	0.826
761	0.146	0.181	0.801	0.813	0.825
75	0.154	0.177	0.805	0.816	0.829
192	0.146	0.191	0.797	0.806	0.818
884	0.149	0.18	0.805	0.815	0.828
104	0.136	0.167	0.795	0.818	0.834
305	0.168	0.18	0.807	0.818	0.828
291	0.138	0.185	0.811	0.819	0.835
597	0.135	0.188	0.799	0.812	0.826
370	0.168	0.194	0.801	0.814	0.822
890	0.185	0.217	0.798	0.809	0.822
272	0.171	0.21	0.798	0.807	0.824
536	0.121	0.143	0.163	0.819	0.84
669	0.13	0.171	0.805	0.817	0.831
957	0.148	0.18	0.804	0.813	0.833
359	0.132	0.157	0.793	0.819	0.841
956	0.157	0.186	0.806	0.818	0.828
207	0.178	0.204	0.803	0.819	0.829
603	0.152	0.185	0.8	0.808	0.829
834	0.129	0.15	0.483	0.817	0.836
243	0.171	0.196	0.794	0.809	0.818
295	0.166	0.193	0.804	0.813	0.828
665	0.131	0.165	0.802	0.811	0.823
747	0.132	0.165	0.794	0.821	0.834
398	0.185	0.221	0.802	0.811	0.823
844	0.217	0.267	0.791	0.801	0.812
585	0.23	0.64	0.795	0.804	0.813
495	0.16	0.185	0.796	0.814	0.827
224	0.129	0.149	0.805	0.82	0.834
664	0.134	0.16	0.798	0.813	0.827
237	0.247	0.75	0.793	0.802	0.816
490	0.175	0.195	0.803	0.813	0.824
783	0.126	0.179	0.802	0.813	0.826
144	0.243	0.769	0.794	0.802	0.811
146	0.132	0.151	0.797	0.814	0.834
149	0.135	0.175	0.794	0.816	0.828
963	0.152	0.172	0.801	0.813	0.833
720	0.151	0.172	0.803	0.815	0.83
589	0.138	0.159	0.798	0.814	0.834
901	0.143	0.163	0.803	0.821	0.837
319	0.167	0.19	0.801	0.813	0.827
896	0.134	0.159	0.805	0.817	0.838
205	0.152	0.181	0.805	0.816	0.827
772	0.163	0.191	0.803	0.814	0.826
7	0.167	0.196	0.805	0.813	0.827
33	0.171	0.197	0.801	0.813	0.827
807	0.122	0.147	0.159	0.823	0.844
344	0.197	0.401	0.797	0.804	0.813
850	0.145	0.168	0.788	0.821	0.838
89	0.132	0.169	0.806	0.823	0.836
28	0.126	0.137	0.148	0.828	0.847
511	0.13	0.152	0.798	0.814	0.831
869	0.139	0.183	0.802	0.814	0.828
88	0.263	0.781	0.793	0.8	0.808
372	0.142	0.169	0.792	0.812	0.825
318	0.144	0.179	0.803	0.817	0.831
222	0.21	0.258	0.801	0.812	0.821
860	0.13	0.154	0.807	0.815	0.827
230	0.149	0.171	0.8	0.816	0.829
721	0.176	0.223	0.8	0.814	0.832
670	0.119	0.147	0.167	0.822	0.855
557	0.161	0.193	0.806	0.815	0.823
798	0.156	0.173	0.802	0.814	0.828
316	0.137	0.163	0.8	0.81	0.827
128	0.248	0.428	0.796	0.804	0.814
334	0.127	0.165	0.806	0.813	0.83
568	0.18	0.212	0.797	0.809	0.817
523	0.182	0.209	0.804	0.809	0.817
973	0.136	0.17	0.789	0.803	0.823
405	0.139	0.167	0.802	0.822	0.838
737	0.13	0.156	0.49	0.824	0.851
520	0.129	0.154	0.799	0.811	0.837
675	0.165	0.195	0.804	0.812	0.826
132	0.137	0.157	0.801	0.82	0.835
90	0.123	0.149	0.798	0.816	0.846
1	0.136	0.177	0.799	0.812	0.834
753	0.137	0.15	0.159	0.826	0.847
912	0.123	0.145	0.165	0.824	0.835
73	0.153	0.178	0.797	0.815	0.828
629	0.166	0.198	0.8	0.81	0.827
731	0.145	0.164	0.181	0.821	0.839
876	0.163	0.183	0.797	0.809	0.823
953	0.152	0.19	0.804	0.813	0.83
326	0.138	0.167	0.796	0.815	0.833
361	0.138	0.159	0.793	0.815	0.839
507	0.143	0.155	0.174	0.824	0.841
9	0.114	0.138	0.149	0.825	0.839
162	0.148	0.188	0.8	0.813	0.825
563	0.15	0.173	0.806	0.816	0.831
131	0.135	0.152	0.173	0.816	0.832
984	0.19	0.238	0.794	0.811	0.822
827	0.134	0.156	0.807	0.821	0.833
552	0.186	0.239	0.803	0.813	0.828
748	0.199	0.242	0.803	0.811	0.822
989	0.16	0.2	0.799	0.811	0.824
866	0.2	0.242	0.801	0.811	0.824
353	0.214	0.268	0.797	0.806	0.823
804	0.186	0.236	0.801	0.81	0.817
375	0.131	0.15	0.188	0.822	0.838
941	0.174	0.203	0.804	0.814	0.825
974	0.134	0.167	0.793	0.819	0.832
732	0.196	0.229	0.802	0.809	0.825
242	0.125	0.166	0.805	0.82	0.845
83	0.143	0.168	0.804	0.817	0.832
789	0.221	0.266	0.795	0.802	0.814
101	0.144	0.159	0.811	0.822	0.835
147	0.162	0.205	0.798	0.808	0.824
820	0.127	0.139	0.151	0.823	0.847
95	0.127	0.159	0.802	0.816	0.832
630	0.117	0.149	0.799	0.815	0.827
861	0.141	0.165	0.803	0.813	0.827
530	0.152	0.173	0.805	0.81	0.824
902	0.132	0.154	0.485	0.824	0.834
380	0.149	0.169	0.8	0.817	0.835
799	0.155	0.18	0.8	0.814	0.828
918	0.139	0.174	0.791	0.812	0.828
347	0.139	0.172	0.804	0.819	0.839
851	0.175	0.2	0.8	0.811	0.831
687	0.172	0.21	0.797	0.808	0.822
240	0.142	0.17	0.799	0.812	0.83
166	0.131	0.146	0.473	0.822	0.842
281	0.147	0.179	0.805	0.814	0.829
248	0.131	0.147	0.806	0.819	0.837
579	0.153	0.177	0.806	0.817	0.829
910	0.185	0.213	0.801	0.81	0.831
387	0.139	0.172	0.8	0.812	0.825
923	0.129	0.161	0.806	0.817	0.836
201	0.127	0.156	0.805	0.819	0.835
990	0.196	0.245	0.8	0.809	0.82
574	0.14	0.171	0.19	0.826	0.838
928	0.132	0.151	0.792	0.815	0.835
472	0.142	0.163	0.804	0.815	0.835
389	0.239	0.773	0.794	0.804	0.814
274	0.134	0.16	0.792	0.82	0.835
26	0.155	0.186	0.804	0.813	0.825
122	0.145	0.19	0.791	0.807	0.822
641	0.122	0.149	0.487	0.819	0.834
600	0.146	0.173	0.799	0.814	0.826
415	0.167	0.208	0.797	0.806	0.824
877	0.167	0.188	0.8	0.812	0.831
625	0.156	0.188	0.81	0.819	0.829
662	0.138	0.16	0.799	0.815	0.847
754	0.135	0.158	0.807	0.817	0.836
679	0.119	0.154	0.794	0.812	0.824
51	0.165	0.19	0.799	0.812	0.826
627	0.165	0.195	0.803	0.81	0.818
733	0.158	0.198	0.801	0.815	0.828
343	0.158	0.182	0.8	0.812	0.822
800	0.126	0.14	0.158	0.822	0.842
134	0.137	0.159	0.801	0.813	0.831
567	0.131	0.165	0.799	0.813	0.846
56	0.161	0.206	0.801	0.812	0.819
78	0.148	0.182	0.803	0.814	0.832
410	0.168	0.181	0.803	0.813	0.838
692	0.127	0.156	0.169	0.822	0.836
644	0.203	0.229	0.799	0.809	0.821
821	0.212	0.233	0.8	0.809	0.816
303	0.131	0.155	0.798	0.819	0.841
251	0.127	0.154	0.8	0.817	0.842
338	0.135	0.178	0.807	0.817	0.833
466	0.195	0.243	0.791	0.803	0.818
985	0.224	0.784	0.795	0.8	0.81
2	0.118	0.134	0.146	0.823	0.852
947	0.189	0.218	0.801	0.811	0.819
980	0.189	0.23	0.801	0.81	0.82
419	0.136	0.151	0.171	0.82	0.83
17	0.142	0.153	0.795	0.814	0.835
292	0.144	0.207	0.796	0.811	0.823
703	0.166	0.187	0.804	0.813	0.826
349	0.129	0.156	0.801	0.815	0.831
60	0.138	0.161	0.805	0.817	0.833
411	0.158	0.19	0.808	0.82	0.837
842	0.129	0.16	0.184	0.814	0.838
590	0.171	0.195	0.799	0.814	0.825
246	0.152	0.185	0.795	0.806	0.823
838	0.222	0.271	0.807	0.812	0.821
636	0.15	0.17	0.801	0.811	0.826
714	0.133	0.152	0.167	0.813	0.841
179	0.161	0.196	0.795	0.81	0.825
176	0.145	0.19	0.807	0.815	0.83
995	0.111	0.132	0.148	0.827	0.844
488	0.151	0.184	0.795	0.816	0.834
939	0.222	0.265	0.8	0.811	0.821
955	0.13	0.158	0.803	0.816	0.831
663	0.138	0.157	0.795	0.818	0.839
781	0.126	0.176	0.797	0.816	0.834
46	0.15	0.179	0.804	0.812	0.828
290	0.16	0.185	0.806	0.818	0.831
427	0.141	0.175	0.803	0.812	0.829
950	0.112	0.146	0.162	0.82	0.83
87	0.118	0.153	0.805	0.819	0.834
364	0.171	0.219	0.794	0.803	0.816
680	0.18	0.234	0.795	0.806	0.819
534	0.108	0.133	0.147	0.822	0.841
775	0.17	0.215	0.803	0.813	0.821
173	0.164	0.191	0.792	0.81	0.825
729	0.125	0.145	0.159	0.816	0.84
770	0.135	0.164	0.801	0.812	0.835
951	0.226	0.308	0.791	0.801	0.815
837	0.152	0.178	0.788	0.818	0.835
657	0.148	0.168	0.807	0.816	0.834
996	0.154	0.182	0.804	0.813	0.822
156	0.145	0.167	0.802	0.814	0.848
946	0.14	0.158	0.796	0.818	0.833
474	0.129	0.158	0.803	0.816	0.835
894	0.135	0.155	0.807	0.822	0.833
832	0.145	0.16	0.797	0.815	0.833
258	0.144	0.173	0.798	0.811	0.822
750	0.122	0.145	0.154	0.829	0.846
441	0.162	0.182	0.803	0.813	0.826
432	0.162	0.187	0.802	0.811	0.824
565	0.129	0.16	0.799	0.811	0.828
802	0.168	0.204	0.799	0.808	0.824
422	0.149	0.18	0.804	0.818	0.829
476	0.154	0.177	0.801	0.813	0.83
730	0.212	0.246	0.806	0.811	0.822
44	0.111	0.154	0.801	0.817	0.828
165	0.133	0.154	0.789	0.818	0.836
376	0.153	0.175	0.8	0.813	0.835
191	0.141	0.163	0.808	0.816	0.829
555	0.138	0.159	0.797	0.814	0.834
265	0.144	0.168	0.801	0.813	0.836
53	0.173	0.194	0.801	0.81	0.821
607	0.158	0.181	0.801	0.814	0.827
94	0.125	0.142	0.166	0.824	0.845
897	0.154	0.187	0.797	0.803	0.816
369	0.118	0.14	0.155	0.821	0.842
561	0.132	0.158	0.797	0.813	0.837
198	0.136	0.162	0.802	0.812	0.833
962	0.127	0.153	0.798	0.819	0.832
82	0.177	0.206	0.807	0.813	0.83
30	0.135	0.157	0.484	0.822	0.846
255	0.147	0.176	0.8	0.817	0.837
437	0.126	0.139	0.789	0.81	0.832
112	0.125	0.155	0.18	0.823	0.844
684	0.164	0.19	0.806	0.814	0.826
98	0.158	0.19	0.798	0.812	0.829
700	0.158	0.18	0.798	0.82	0.833
450	0.203	0.227	0.806	0.811	0.82
972	0.219	0.277	0.798	0.807	0.813
787	0.167	0.208	0.807	0.815	0.821
403	0.133	0.167	0.803	0.817	0.837
416	0.146	0.167	0.804	0.819	0.833
854	0.157	0.203	0.809	0.815	0.822
690	0.129	0.158	0.804	0.822	0.83
215	0.209	0.249	0.798	0.811	0.82
336	0.151	0.184	0.795	0.817	0.831
133	0.161	0.19	0.801	0.808	0.819
977	0.154	0.176	0.801	0.813	0.83
674	0.141	0.171	0.801	0.81	0.829
241	0.157	0.183	0.8	0.81	0.829
908	0.238	0.42	0.796	0.802	0.815
22	0.158	0.189	0.797	0.811	0.822
108	0.172	0.2	0.796	0.814	0.828
634	0.128	0.143	0.16	0.821	0.836
978	0.119	0.15	0.798	0.82	0.832
137	0.19	0.24	0.799	0.808	0.819
803	0.231	0.404	0.793	0.804	0.813
145	0.175	0.208	0.801	0.81	0.821
512	0.149	0.179	0.8	0.815	0.828
649	0.15	0.187	0.797	0.81	0.82
819	0.124	0.154	0.49	0.82	0.844
701	0.189	0.212	0.8	0.811	0.834
136	0.165	0.188	0.802	0.814	0.837
628	0.136	0.164	0.793	0.823	0.84
650	0.16	0.189	0.801	0.815	0.828
280	0.197	0.229	0.803	0.809	0.819
814	0.131	0.152	0.794	0.82	0.832
645	0.154	0.178	0.8	0.824	0.845
425	0.116	0.147	0.484	0.814	0.832
208	0.161	0.178	0.807	0.819	0.828
696	0.153	0.183	0.808	0.817	0.833
768	0.163	0.194	0.801	0.817	0.835
881	0.122	0.154	0.788	0.823	0.842
183	0.177	0.204	0.803	0.813	0.824
455	0.142	0.153	0.179	0.819	0.834
32	0.159	0.207	0.801	0.811	0.826
154	0.168	0.206	0.8	0.81	0.821
352	0.147	0.174	0.801	0.815	0.834
346	0.159	0.177	0.811	0.819	0.833
296	0.144	0.182	0.802	0.814	0.824
400	0.144	0.164	0.784	0.819	0.838
758	0.16	0.193	0.808	0.821	0.844
485	0.163	0.187	0.792	0.816	0.837
573	0.125	0.15	0.796	0.817	0.834
223	0.209	0.242	0.8	0.809	0.82
486	0.133	0.163	0.799	0.816	0.829
922	0.192	0.22	0.8	0.809	0.821
537	0.236	0.295	0.787	0.804	0.814
538	0.127	0.15	0.794	0.816	0.835
315	0.161	0.185	0.802	0.815	0.834
301	0.13	0.158	0.802	0.82	0.835
606	0.134	0.169	0.799	0.815	0.826
204	0.174	0.192	0.801	0.813	0.828
717	0.16	0.193	0.8	0.812	0.831
726	0.169	0.189	0.805	0.814	0.827
374	0.19	0.225	0.799	0.816	0.836
707	0.159	0.181	0.804	0.814	0.835
713	0.144	0.169	0.802	0.814	0.831
790	0.137	0.147	0.487	0.818	0.837
518	0.174	0.217	0.797	0.81	0.818
892	0.225	0.757	0.787	0.799	0.812
11	0.177	0.203	0.799	0.809	0.818
323	0.209	0.281	0.798	0.807	0.819
310	0.2	0.236	0.801	0.809	0.82
487	0.165	0.232	0.802	0.809	0.82
616	0.138	0.174	0.804	0.814	0.842
836	0.156	0.171	0.806	0.817	0.826
57	0.158	0.19	0.806	0.816	0.829
49	0.219	0.53	0.791	0.801	0.814
97	0.138	0.158	0.806	0.818	0.829
975	0.131	0.149	0.797	0.817	0.841
37	0.165	0.211	0.801	0.809	0.82
116	0.15	0.174	0.8	0.813	0.839
189	0.138	0.161	0.791	0.814	0.834
409	0.168	0.201	0.804	0.81	0.825
954	0.111	0.149	0.161	0.816	0.841
480	0.138	0.187	0.792	0.805	0.816
72	0.206	0.227	0.796	0.808	0.819
793	0.142	0.17	0.79	0.811	0.825
619	0.169	0.193	0.807	0.82	0.831
683	0.152	0.194	0.8	0.81	0.833
531	0.158	0.183	0.799	0.812	0.824
209	0.134	0.169	0.8	0.822	0.839
52	0.139	0.188	0.795	0.811	0.833
547	0.149	0.195	0.8	0.811	0.826
640	0.151	0.174	0.792	0.811	0.832
621	0.17	0.204	0.803	0.813	0.826
755	0.204	0.238	0.804	0.808	0.818
174	0.15	0.191	0.803	0.813	0.833
379	0.137	0.175	0.795	0.82	0.832
626	0.142	0.17	0.788	0.815	0.836
863	0.113	0.131	0.138	0.832	0.844
554	0.141	0.171	0.797	0.812	0.83
966	0.169	0.207	0.796	0.807	0.821
407	0.149	0.167	0.802	0.811	0.825
575	0.159	0.179	0.803	0.816	0.83
976	0.179	0.208	0.803	0.815	0.824
278	0.159	0.187	0.809	0.819	0.835
992	0.125	0.162	0.803	0.814	0.829
756	0.139	0.163	0.792	0.824	0.847
414	0.129	0.154	0.167	0.82	0.845
185	0.152	0.168	0.808	0.821	0.842
124	0.13	0.147	0.795	0.816	0.842
767	0.152	0.171	0.797	0.815	0.841
138	0.204	0.239	0.8	0.809	0.822
463	0.186	0.228	0.802	0.817	0.833
350	0.161	0.195	0.803	0.811	0.837
546	0.134	0.159	0.783	0.811	0.831
123	0.218	0.257	0.802	0.808	0.82
746	0.161	0.182	0.806	0.815	0.825
276	0.16	0.182	0.809	0.818	0.827
105	0.108	0.142	0.164	0.826	0.842
69	0.163	0.181	0.797	0.814	0.829
484	0.151	0.176	0.804	0.814	0.83
541	0.133	0.148	0.794	0.818	0.84
300	0.157	0.187	0.799	0.812	0.822
539	0.132	0.144	0.784	0.819	0.833
689	0.158	0.192	0.805	0.814	0.828
582	0.168	0.203	0.803	0.814	0.827
578	0.133	0.151	0.802	0.816	0.833
236	0.117	0.145	0.156	0.818	0.839
906	0.142	0.163	0.8	0.818	0.837
818	0.145	0.174	0.793	0.818	0.827
489	0.216	0.27	0.8	0.81	0.822
360	0.119	0.131	0.149	0.82	0.842
839	0.133	0.145	0.811	0.821	0.842
221	0.164	0.2	0.794	0.809	0.827
460	0.157	0.188	0.805	0.813	0.835
311	0.117	0.144	0.487	0.817	0.847
47	0.133	0.149	0.788	0.814	0.839
308	0.186	0.21	0.799	0.811	0.824
784	0.157	0.194	0.796	0.807	0.823
377	0.154	0.189	0.804	0.815	0.837
952	0.189	0.226	0.8	0.809	0.821
496	0.172	0.21	0.803	0.811	0.82
439	0.191	0.221	0.799	0.809	0.824
126	0.121	0.155	0.8	0.815	0.834
608	0.156	0.177	0.8	0.815	0.831
79	0.156	0.187	0.803	0.815	0.826
794	0.158	0.178	0.797	0.808	0.832
68	0.187	0.266	0.8	0.811	0.822
501	0.156	0.178	0.803	0.815	0.83
656	0.193	0.237	0.794	0.803	0.816
494	0.139	0.181	0.802	0.812	0.833
506	0.226	0.551	0.793	0.804	0.81
434	0.131	0.168	0.489	0.813	0.839
508	0.129	0.157	0.795	0.811	0.825
907	0.163	0.19	0.806	0.813	0.825
709	0.135	0.169	0.799	0.814	0.832
676	0.162	0.194	0.807	0.816	0.825
856	0.225	0.263	0.786	0.795	0.814
913	0.164	0.192	0.797	0.815	0.828
743	0.136	0.16	0.809	0.819	0.833
440	0.154	0.192	0.806	0.818	0.832
197	0.146	0.163	0.493	0.823	0.84
719	0.145	0.169	0.801	0.814	0.828
102	0.124	0.151	0.794	0.813	0.835
384	0.164	0.201	0.807	0.815	0.828
45	0.121	0.146	0.172	0.83	0.842
320	0.153	0.179	0.805	0.819	0.837
970	0.168	0.186	0.802	0.812	0.822
477	0.152	0.175	0.799	0.821	0.838
613	0.154	0.191	0.803	0.809	0.826
298	0.137	0.162	0.799	0.816	0.828
934	0.125	0.143	0.158	0.825	0.851
862	0.145	0.172	0.798	0.813	0.829
493	0.12	0.15	0.167	0.825	0.843
161	0.15	0.185	0.804	0.811	0.828
4	0.147	0.177	0.796	0.817	0.835
760	0.175	0.2	0.798	0.809	0.819
826	0.165	0.197	0.804	0.812	0.824
845	0.147	0.169	0.795	0.809	0.831
431	0.138	0.155	0.795	0.812	0.83
155	0.147	0.183	0.801	0.812	0.831
872	0.135	0.174	0.801	0.815	0.829
888	0.143	0.174	0.799	0.812	0.829
103	0.13	0.145	0.158	0.822	0.844
163	0.144	0.176	0.506	0.821	0.833
940	0.175	0.212	0.799	0.812	0.831
698	0.201	0.252	0.794	0.801	0.811
991	0.13	0.168	0.802	0.818	0.832
421	0.196	0.234	0.803	0.811	0.817
816	0.182	0.22	0.799	0.806	0.818
20	0.126	0.152	0.794	0.816	0.837
652	0.145	0.17	0.803	0.814	0.842
945	0.169	0.225	0.795	0.806	0.821
822	0.132	0.155	0.176	0.822	0.836
6	0.125	0.146	0.168	0.822	0.839
961	0.147	0.212	0.802	0.809	0.821
569	0.181	0.237	0.803	0.811	0.823
591	0.137	0.156	0.797	0.81	0.833
118	0.129	0.145	0.79	0.817	0.836
551	0.152	0.169	0.799	0.816	0.83
631	0.153	0.178	0.805	0.811	0.821
171	0.117	0.153	0.168	0.825	0.842
288	0.251	0.319	0.793	0.805	0.822
365	0.152	0.184	0.804	0.815	0.832
843	0.152	0.223	0.799	0.81	0.824
782	0.131	0.157	0.804	0.817	0.835
158	0.158	0.191	0.8	0.81	0.819
271	0.157	0.181	0.806	0.814	0.83
556	0.165	0.189	0.798	0.812	0.831
433	0.166	0.198	0.804	0.815	0.83
382	0.152	0.171	0.802	0.814	0.827
681	0.135	0.168	0.78	0.817	0.833
357	0.13	0.147	0.479	0.819	0.837
736	0.139	0.18	0.803	0.813	0.834
74	0.16	0.194	0.798	0.809	0.821
562	0.124	0.154	0.804	0.82	0.839
560	0.167	0.241	0.799	0.81	0.823
505	0.14	0.155	0.168	0.822	0.854
169	0.223	0.293	0.798	0.807	0.817
12	0.199	0.234	0.81	0.816	0.824
438	0.136	0.154	0.802	0.819	0.834
503	0.144	0.176	0.803	0.817	0.833
916	0.148	0.171	0.804	0.816	0.833
31	0.145	0.168	0.804	0.816	0.83
509	0.16	0.187	0.799	0.808	0.836
624	0.145	0.172	0.8	0.81	0.821
188	0.131	0.153	0.807	0.821	0.833
994	0.123	0.155	0.798	0.811	0.837
933	0.258	0.776	0.795	0.807	0.816
420	0.142	0.171	0.804	0.818	0.828
830	0.155	0.19	0.81	0.823	0.834
106	0.177	0.21	0.795	0.807	0.822
340	0.165	0.2	0.798	0.81	0.832
231	0.159	0.19	0.797	0.814	0.833
643	0.188	0.217	0.801	0.812	0.823
200	0.16	0.181	0.799	0.815	0.827
395	0.13	0.15	0.799	0.822	0.843
944	0.18	0.214	0.798	0.808	0.824
599	0.16	0.201	0.801	0.812	0.83
831	0.22	0.273	0.8	0.81	0.821
815	0.174	0.231	0.799	0.807	0.814
817	0.134	0.156	0.804	0.816	0.835
313	0.13	0.159	0.803	0.814	0.841
119	0.18	0.208	0.807	0.813	0.823
262	0.109	0.143	0.154	0.83	0.852
545	0.177	0.214	0.801	0.808	0.821
584	0.14	0.155	0.791	0.813	0.83
618	0.209	0.263	0.793	0.803	0.817
232	0.125	0.16	0.491	0.819	0.833
759	0.191	0.257	0.799	0.808	0.815
812	0.155	0.186	0.796	0.809	0.828
459	0.16	0.183	0.801	0.813	0.842
577	0.161	0.182	0.804	0.819	0.828
152	0.156	0.178	0.797	0.811	0.828
107	0.152	0.179	0.797	0.811	0.828
80	0.125	0.148	0.794	0.815	0.832
141	0.136	0.156	0.187	0.823	0.844
988	0.155	0.192	0.804	0.817	0.832
891	0.157	0.176	0.806	0.817	0.827
491	0.121	0.158	0.796	0.817	0.827
517	0.153	0.176	0.799	0.813	0.827
542	0.167	0.221	0.803	0.813	0.822
660	0.218	0.268	0.804	0.811	0.826
614	0.161	0.181	0.803	0.811	0.818
203	0.185	0.204	0.801	0.817	0.832
394	0.166	0.203	0.804	0.81	0.825
457	0.137	0.161	0.809	0.818	0.833
70	0.219	0.778	0.796	0.805	0.814
473	0.166	0.186	0.802	0.817	0.836
810	0.173	0.206	0.8	0.81	0.826
175	0.126	0.151	0.797	0.814	0.837
776	0.116	0.149	0.165	0.819	0.838
833	0.136	0.159	0.803	0.815	0.832
127	0.152	0.186	0.794	0.807	0.822
168	0.225	0.651	0.789	0.798	0.809
286	0.17	0.206	0.8	0.809	0.823
392	0.126	0.151	0.173	0.821	0.833
855	0.152	0.188	0.791	0.808	0.822
788	0.164	0.199	0.802	0.812	0.832
849	0.154	0.182	0.805	0.818	0.84
742	0.163	0.199	0.801	0.81	0.82
968	0.151	0.197	0.806	0.812	0.823
917	0.133	0.173	0.807	0.816	0.834
594	0.13	0.164	0.79	0.824	0.836
297	0.161	0.217	0.802	0.811	0.826
302	0.172	0.211	0.797	0.807	0.828
617	0.183	0.226	0.797	0.807	0.814
702	0.258	0.78	0.792	0.798	0.815
71	0.129	0.158	0.797	0.821	0.836
62	0.156	0.177	0.809	0.819	0.832
235	0.129	0.15	0.175	0.826	0.837
764	0.122	0.136	0.149	0.825	0.853
358	0.161	0.211	0.799	0.808	0.818
813	0.216	0.258	0.799	0.808	0.82
10	0.182	0.223	0.796	0.808	0.821
882	0.223	0.779	0.795	0.802	0.813
635	0.114	0.135	0.144	0.818	0.844
699	0.162	0.203	0.8	0.81	0.833
219	0.128	0.153	0.17	0.826	0.844
85	0.145	0.165	0.806	0.822	0.842
279	0.201	0.257	0.798	0.813	0.824
895	0.153	0.174	0.802	0.814	0.823
671	0.166	0.179	0.796	0.82	0.835
399	0.157	0.185	0.803	0.813	0.838
911	0.159	0.196	0.806	0.824	0.836
979	0.16	0.173	0.802	0.816	0.829
285	0.122	0.148	0.161	0.822	0.844
540	0.16	0.189	0.799	0.812	0.826
809	0.171	0.2	0.803	0.814	0.824
543	0.169	0.199	0.804	0.813	0.822
659	0.137	0.172	0.219	0.818	0.829
451	0.122	0.152	0.795	0.814	0.834
284	0.148	0.165	0.803	0.819	0.841
