235	0.0	0.428	0.5	0.529	0.583
918	0.0	0.017	0.435	0.465	0.513
128	0.0	0.0	0.0	0.211	0.281
563	0.0	0.0	0.415	0.459	0.529
4	0.0	0.441	0.472	0.515	0.593
793	0.0	0.025	0.389	0.409	0.5
463	0.0	0.026	0.328	0.355	0.423
553	0.0	0.019	0.301	0.333	0.387
315	0.0	0.0	0.391	0.429	0.476
389	0.0	0.0	0.018	0.226	0.357
353	0.0	0.019	0.229	0.294	0.4
681	0.0	0.409	0.48	0.524	0.588
707	0.0	0.0	0.349	0.368	0.441
913	0.0	0.0	0.361	0.378	0.455
953	0.0	0.023	0.408	0.43	0.516
55	0.0	0.038	0.415	0.442	0.516
987	0.0	0.017	0.412	0.439	0.514
471	0.0	0.438	0.488	0.525	0.59
673	0.0	0.118	0.49	0.535	0.585
724	0.0	0.0	0.396	0.426	0.476
853	0.0	0.0	0.327	0.365	0.439
605	0.0	0.016	0.443	0.479	0.525
902	0.0	0.432	0.512	0.548	0.6
333	0.0	0.0	0.415	0.446	0.548
968	0.0	0.019	0.368	0.396	0.469
264	0.0	0.473	0.542	0.565	0.628
343	0.0	0.0	0.341	0.386	0.459
470	0.0	0.003	0.402	0.442	0.5
677	0.0	0.032	0.457	0.492	0.548
341	0.0	0.0	0.308	0.324	0.394
792	0.0	0.012	0.297	0.319	0.433
262	0.0	0.515	0.568	0.6	0.659
270	0.0	0.369	0.521	0.553	0.634
115	0.0	0.019	0.417	0.444	0.533
974	0.0	0.021	0.435	0.459	0.567
220	0.0	0.0	0.441	0.469	0.6
273	0.0	0.536	0.577	0.591	0.789
1	0.0	0.018	0.425	0.475	0.514
872	0.0	0.324	0.481	0.539	0.588
371	0.0	0.439	0.494	0.538	0.583
442	0.0	0.223	0.488	0.531	0.579
598	0.0	0.012	0.259	0.308	0.364
862	0.0	0.016	0.404	0.442	0.5
357	0.0	0.017	0.489	0.532	0.6
507	0.0	0.0	0.429	0.467	0.525
307	0.0	0.038	0.477	0.517	0.579
915	0.0	0.014	0.413	0.457	0.512
417	0.0	0.0	0.134	0.289	0.343
558	0.0	0.018	0.364	0.394	0.469
601	0.0	0.018	0.489	0.52	0.561
904	0.0	0.516	0.549	0.572	0.611
100	0.0	0.025	0.479	0.5	0.595
622	0.0	0.0	0.404	0.44	0.5
153	0.0	0.404	0.488	0.513	0.568
448	0.0	0.017	0.391	0.429	0.463
163	0.0	0.0	0.342	0.371	0.448
907	0.0	0.368	0.441	0.467	0.533
237	0.0	0.0	0.019	0.216	0.3
856	0.0	0.0	0.259	0.308	0.364
504	0.0	0.0	0.333	0.367	0.438
971	0.0	0.022	0.333	0.366	0.483
75	0.0	0.0	0.375	0.396	0.5
794	0.0	0.0	0.391	0.422	0.528
859	0.0	0.0	0.295	0.368	0.444
350	0.0	0.0	0.318	0.357	0.444
733	0.0	0.0	0.333	0.374	0.463
498	0.0	0.0	0.034	0.261	0.325
631	0.0	0.018	0.381	0.43	0.515
464	0.0	0.529	0.565	0.595	0.683
83	0.0	0.0	0.405	0.446	0.515
121	0.0	0.004	0.453	0.51	0.543
410	0.0	0.015	0.394	0.424	0.475
518	0.0	0.0	0.28	0.314	0.371
0	0.0	0.039	0.465	0.513	0.559
391	0.0	0.02	0.465	0.513	0.559
654	0.0	0.422	0.513	0.556	0.636
748	0.0	0.0	0.273	0.319	0.367
779	0.0	0.0	0.312	0.359	0.464
593	0.0	0.0	0.018	0.262	0.333
905	0.0	0.306	0.479	0.525	0.575
381	0.0	0.018	0.374	0.403	0.432
985	0.0	0.0	0.02	0.278	0.344
324	0.0	0.113	0.471	0.51	0.553
451	0.0	0.404	0.488	0.526	0.568
57	0.0	0.395	0.459	0.5	0.567
107	0.0	0.12	0.443	0.486	0.545
482	0.0	0.014	0.389	0.429	0.5
808	0.0	0.008	0.41	0.462	0.5
642	0.0	0.223	0.467	0.506	0.556
797	0.0	0.036	0.467	0.512	0.568
628	0.0	0.0	0.385	0.409	0.452
94	0.0	0.034	0.451	0.489	0.537
928	0.0	0.016	0.419	0.465	0.5
111	0.0	0.0	0.357	0.405	0.45
672	0.0	0.016	0.302	0.341	0.4
676	0.0	0.0	0.286	0.321	0.382
61	0.0	0.034	0.439	0.488	0.559
751	0.0	0.035	0.432	0.478	0.543
931	0.0	0.442	0.524	0.553	0.6
281	0.0	0.014	0.379	0.417	0.476
754	0.0	0.213	0.463	0.486	0.562
127	0.0	0.333	0.457	0.503	0.625
287	0.0	0.02	0.396	0.416	0.568
206	0.0	0.023	0.398	0.441	0.514
351	0.0	0.015	0.314	0.367	0.455
321	0.0	0.363	0.532	0.563	0.63
338	0.0	0.0	0.4	0.45	0.5
178	0.0	0.018	0.323	0.362	0.433
289	0.0	0.014	0.358	0.41	0.433
362	0.0	0.352	0.521	0.556	0.605
864	0.0	0.439	0.506	0.532	0.625
16	0.0	0.016	0.353	0.406	0.5
227	0.0	0.006	0.328	0.382	0.419
711	0.0	0.444	0.475	0.513	0.645
752	0.0	0.041	0.438	0.458	0.524
40	0.0	0.311	0.471	0.489	0.607
584	0.0	0.015	0.426	0.468	0.511
81	0.0	0.003	0.343	0.374	0.429
356	0.0	0.104	0.392	0.427	0.517
254	0.0	0.118	0.455	0.486	0.529
513	0.0	0.0	0.419	0.447	0.514
77	0.0	0.0	0.386	0.415	0.447
880	0.0	0.018	0.343	0.371	0.438
686	0.0	0.0	0.292	0.319	0.395
695	0.0	0.016	0.376	0.402	0.5
278	0.0	0.366	0.457	0.5	0.586
641	0.0	0.016	0.489	0.532	0.6
586	0.0	0.028	0.5	0.528	0.583
757	0.0	0.481	0.515	0.552	0.6
157	0.0	0.0	0.37	0.404	0.49
580	0.0	0.014	0.348	0.382	0.469
646	0.0	0.0	0.373	0.408	0.465
396	0.0	0.018	0.386	0.425	0.515
633	0.0	0.015	0.321	0.381	0.432
303	0.0	0.027	0.452	0.491	0.6
405	0.0	0.0	0.422	0.444	0.553
602	0.0	0.0	0.28	0.343	0.444
967	0.0	0.016	0.51	0.532	0.578
234	0.0	0.028	0.382	0.424	0.481
571	0.0	0.012	0.354	0.395	0.472
616	0.0	0.017	0.409	0.436	0.472
636	0.0	0.015	0.407	0.438	0.488
404	0.0	0.019	0.438	0.457	0.537
982	0.0	0.032	0.457	0.5	0.564
266	0.015	0.5	0.541	0.574	0.677
131	0.0	0.468	0.533	0.568	0.61
298	0.0	0.013	0.469	0.5	0.549
76	0.0	0.448	0.522	0.553	0.595
705	0.0	0.405	0.471	0.515	0.6
623	0.0	0.017	0.415	0.464	0.528
760	0.0	0.023	0.374	0.428	0.5
263	0.0	0.0	0.302	0.333	0.4
454	0.0	0.462	0.517	0.562	0.615
293	0.0	0.0	0.021	0.275	0.323
885	0.0	0.0	0.287	0.346	0.4
722	0.0	0.107	0.446	0.488	0.556
739	0.0	0.307	0.489	0.527	0.611
479	0.0	0.45	0.488	0.525	0.618
574	0.0	0.0	0.426	0.453	0.488
465	0.0	0.198	0.488	0.538	0.618
588	0.0	0.5	0.561	0.6	0.688
181	0.0	0.0	0.319	0.369	0.419
829	0.0	0.017	0.325	0.357	0.412
167	0.0	0.0	0.225	0.289	0.391
148	0.0	0.0	0.404	0.435	0.5
652	0.0	0.0	0.419	0.462	0.529
509	0.0	0.017	0.357	0.405	0.485
170	0.0	0.541	0.576	0.614	0.667
936	0.0	0.495	0.542	0.56	0.614
421	0.0	0.005	0.324	0.363	0.452
247	0.0	0.016	0.349	0.378	0.457
393	0.0	0.447	0.489	0.533	0.605
685	0.0	0.0	0.312	0.375	0.458
865	0.0	0.012	0.337	0.362	0.421
99	0.0	0.0	0.103	0.258	0.31
238	0.0	0.032	0.461	0.5	0.568
954	0.0	0.49	0.524	0.556	0.595
981	0.0	0.028	0.466	0.481	0.54
453	0.0	0.016	0.473	0.5	0.558
348	0.0	0.029	0.37	0.415	0.5
942	0.0	0.449	0.472	0.528	0.655
929	0.0	0.027	0.3	0.362	0.481
24	0.0	0.304	0.44	0.472	0.515
64	0.0	0.014	0.389	0.425	0.471
29	0.0	0.015	0.367	0.398	0.462
408	0.0	0.03	0.482	0.51	0.571
411	0.0	0.019	0.394	0.444	0.484
473	0.0	0.017	0.342	0.41	0.441
208	0.0	0.0	0.386	0.436	0.514
120	0.0	0.479	0.548	0.585	0.649
526	0.0	0.307	0.478	0.5	0.564
521	0.0	0.005	0.455	0.476	0.556
870	0.0	0.311	0.476	0.516	0.579
419	0.0	0.462	0.486	0.529	0.594
822	0.0	0.451	0.487	0.549	0.606
446	0.0	0.019	0.477	0.528	0.6
467	0.0	0.016	0.405	0.445	0.515
102	0.0	0.019	0.477	0.5	0.605
657	0.0	0.211	0.462	0.494	0.528
143	0.0	0.406	0.457	0.5	0.562
658	0.0	0.128	0.429	0.487	0.529
666	0.0	0.0	0.3	0.342	0.406
699	0.0	0.019	0.357	0.377	0.448
91	0.0	0.017	0.394	0.442	0.611
239	0.0	0.017	0.39	0.44	0.514
690	0.0	0.015	0.459	0.5	0.548
827	0.0	0.034	0.462	0.503	0.537
349	0.0	0.017	0.472	0.512	0.564
534	0.0	0.465	0.513	0.553	0.583
5	0.0	0.12	0.464	0.509	0.553
299	0.0	0.017	0.362	0.407	0.486
25	0.0	0.016	0.356	0.391	0.472
932	0.0	0.011	0.409	0.453	0.5
703	0.0	0.036	0.368	0.405	0.469
783	0.0	0.211	0.465	0.5	0.556
991	0.0	0.016	0.404	0.447	0.512
549	0.0	0.0	0.333	0.376	0.484
824	0.0	0.018	0.433	0.487	0.538
590	0.0	0.019	0.392	0.405	0.485
596	0.0	0.016	0.325	0.368	0.429
461	0.0	0.018	0.417	0.455	0.477
755	0.0	0.0	0.034	0.286	0.353
309	0.0	0.0	0.354	0.393	0.462
205	0.0	0.012	0.386	0.423	0.487
462	0.0	0.031	0.395	0.425	0.5
996	0.0	0.0	0.4	0.436	0.531
243	0.0	0.018	0.398	0.437	0.529
488	0.0	0.015	0.413	0.452	0.541
251	0.0	0.115	0.469	0.5	0.568
196	0.0	0.537	0.58	0.611	0.683
413	0.0	0.008	0.326	0.37	0.459
523	0.0	0.016	0.333	0.363	0.424
771	0.0	0.017	0.408	0.448	0.5
3	0.0	0.026	0.461	0.493	0.538
18	0.0	0.015	0.5	0.53	0.58
228	0.0	0.017	0.262	0.333	0.412
365	0.0	0.017	0.378	0.425	0.514
214	0.0	0.017	0.431	0.467	0.561
430	0.0	0.506	0.538	0.566	0.697
164	0.0	0.026	0.443	0.489	0.575
609	0.0	0.017	0.44	0.474	0.561
483	0.0	0.364	0.45	0.5	0.567
511	0.0	0.406	0.5	0.544	0.684
653	0.0	0.506	0.565	0.6	0.735
805	0.0	0.017	0.422	0.463	0.541
871	0.0	0.033	0.398	0.452	0.514
736	0.0	0.0	0.383	0.429	0.475
667	0.0	0.403	0.454	0.49	0.581
937	0.0	0.032	0.461	0.491	0.541
202	0.0	0.042	0.452	0.5	0.559
312	0.0	0.208	0.442	0.486	0.545
886	0.0	0.016	0.388	0.419	0.553
532	0.0	0.375	0.441	0.46	0.591
712	0.0	0.017	0.345	0.399	0.469
481	0.0	0.016	0.422	0.464	0.571
468	0.0	0.47	0.493	0.541	0.594
993	0.0	0.043	0.453	0.487	0.543
330	0.0	0.416	0.488	0.511	0.615
763	0.0	0.016	0.438	0.479	0.525
108	0.0	0.018	0.324	0.351	0.438
385	0.0	0.02	0.389	0.429	0.483
958	0.0	0.015	0.317	0.35	0.389
714	0.0	0.343	0.481	0.52	0.565
66	0.0	0.0	0.315	0.35	0.412
424	0.0	0.267	0.416	0.483	0.538
835	0.0	0.018	0.435	0.487	0.529
935	0.0	0.018	0.427	0.463	0.543
921	0.0	0.019	0.452	0.5	0.562
938	0.0	0.02	0.442	0.486	0.545
217	0.0	0.015	0.438	0.477	0.524
544	0.0	0.018	0.37	0.407	0.469
492	0.0	0.017	0.369	0.405	0.5
84	0.0	0.394	0.475	0.507	0.606
478	0.0	0.0	0.4	0.429	0.471
423	0.0	0.014	0.352	0.409	0.442
661	0.0	0.0	0.233	0.276	0.333
10	0.0	0.287	0.413	0.438	0.538
15	0.0	0.013	0.253	0.302	0.387
378	0.0	0.321	0.485	0.519	0.63
548	0.0	0.268	0.512	0.537	0.564
841	0.0	0.537	0.553	0.609	0.69
680	0.0	0.007	0.3	0.365	0.4
997	0.0	0.02	0.463	0.514	0.588
718	0.0	0.0	0.365	0.404	0.5
499	0.0	0.015	0.454	0.482	0.585
592	0.0	0.019	0.421	0.459	0.548
884	0.0	0.0	0.358	0.4	0.435
275	0.0	0.016	0.435	0.462	0.553
948	0.0	0.111	0.452	0.5	0.581
655	0.0	0.42	0.5	0.512	0.6
774	0.0	0.017	0.378	0.415	0.487
583	0.0	0.011	0.422	0.466	0.514
27	0.0	0.005	0.037	0.263	0.281
846	0.0	0.022	0.294	0.322	0.357
550	0.0	0.016	0.42	0.441	0.475
887	0.0	0.019	0.413	0.438	0.475
388	0.0	0.005	0.316	0.339	0.405
522	0.0	0.425	0.467	0.527	0.611
825	0.0	0.405	0.444	0.5	0.613
104	0.0	0.11	0.437	0.476	0.571
837	0.0	0.395	0.455	0.488	0.543
332	0.0	0.017	0.438	0.475	0.571
435	0.0	0.014	0.406	0.443	0.511
337	0.0	0.019	0.349	0.408	0.472
373	0.0	0.027	0.469	0.51	0.551
65	0.0	0.017	0.304	0.367	0.436
328	0.0	0.0	0.364	0.417	0.488
959	0.0	0.021	0.456	0.489	0.585
524	0.0	0.129	0.477	0.51	0.553
257	0.0	0.013	0.445	0.473	0.531
261	0.0	0.567	0.591	0.627	0.684
133	0.0	0.018	0.396	0.444	0.5
720	0.0	0.306	0.45	0.503	0.576
21	0.0	0.019	0.456	0.496	0.586
250	0.0	0.017	0.456	0.496	0.586
331	0.0	0.017	0.432	0.467	0.525
964	0.0	0.017	0.357	0.375	0.441
210	0.0	0.018	0.297	0.324	0.429
674	0.0	0.032	0.452	0.488	0.571
265	0.0	0.015	0.442	0.467	0.5
776	0.0	0.017	0.462	0.492	0.548
370	0.0	0.019	0.378	0.419	0.455
56	0.0	0.0	0.369	0.417	0.485
207	0.0	0.017	0.389	0.429	0.5
728	0.0	0.0	0.32	0.351	0.467
715	0.0	0.033	0.489	0.514	0.619
80	0.0	0.048	0.511	0.537	0.6
335	0.0	0.489	0.535	0.555	0.605
195	0.0	0.008	0.4	0.446	0.486
322	0.0	0.294	0.437	0.471	0.533
709	0.0	0.015	0.429	0.463	0.523
772	0.0	0.014	0.265	0.319	0.372
63	0.0	0.0	0.299	0.315	0.387
368	0.0	0.0	0.316	0.347	0.406
390	0.0	0.0	0.427	0.463	0.548
497	0.0	0.02	0.471	0.5	0.607
340	0.0	0.017	0.352	0.399	0.5
957	0.0	0.016	0.333	0.405	0.462
664	0.0	0.017	0.51	0.542	0.591
114	0.0	0.032	0.395	0.436	0.515
172	0.0	0.476	0.519	0.553	0.611
274	0.0	0.0	0.443	0.489	0.545
319	0.0	0.0	0.341	0.385	0.457
415	0.0	0.013	0.321	0.365	0.455
675	0.0	0.0	0.357	0.403	0.485
90	0.0	0.043	0.477	0.516	0.59
126	0.0	0.016	0.412	0.447	0.489
572	0.0	0.024	0.389	0.429	0.483
640	0.0	0.016	0.4	0.419	0.515
327	0.0	0.483	0.516	0.548	0.68
354	0.0	0.0	0.351	0.389	0.433
436	0.0	0.009	0.4	0.447	0.531
612	0.0	0.026	0.394	0.424	0.476
960	0.0	0.019	0.405	0.453	0.5
786	0.0	0.0	0.016	0.265	0.294
847	0.0	0.018	0.433	0.469	0.577
244	0.0	0.0	0.4	0.429	0.536
564	0.0	0.468	0.519	0.54	0.714
216	0.0	0.016	0.418	0.451	0.5
731	0.0	0.0	0.405	0.455	0.514
510	0.0	0.022	0.43	0.45	0.543
949	0.0	0.016	0.432	0.463	0.526
651	0.0	0.042	0.419	0.438	0.52
659	0.0	0.419	0.483	0.5	0.542
734	0.0	0.014	0.029	0.347	0.405
269	0.0	0.0	0.467	0.5	0.568
749	0.0	0.018	0.476	0.5	0.537
965	0.0	0.029	0.483	0.524	0.585
69	0.0	0.015	0.359	0.403	0.45
977	0.0	0.014	0.362	0.413	0.459
191	0.0	0.007	0.388	0.427	0.488
58	0.0	0.015	0.416	0.458	0.5
559	0.0	0.426	0.5	0.548	0.622
366	0.0	0.004	0.32	0.342	0.4
765	0.0	0.017	0.347	0.419	0.447
909	0.0	0.018	0.419	0.475	0.543
187	0.0	0.021	0.333	0.379	0.444
969	0.0	0.0	0.294	0.355	0.393
140	0.0	0.018	0.324	0.382	0.424
857	0.0	0.018	0.477	0.512	0.564
883	0.0	0.009	0.371	0.412	0.484
901	0.0	0.027	0.457	0.5	0.581
363	0.0	0.017	0.429	0.487	0.556
377	0.0	0.02	0.425	0.463	0.528
916	0.0	0.448	0.478	0.523	0.595
426	0.0	0.011	0.345	0.4	0.471
433	0.0	0.0	0.277	0.356	0.421
893	0.0	0.015	0.462	0.5	0.579
562	0.0	0.0	0.447	0.489	0.548
491	0.0	0.014	0.421	0.455	0.5
806	0.0	0.004	0.146	0.324	0.394
398	0.0	0.0	0.3	0.361	0.389
62	0.0	0.416	0.448	0.5	0.615
156	0.0	0.425	0.458	0.511	0.615
535	0.0	0.011	0.394	0.414	0.452
375	0.0	0.453	0.489	0.513	0.618
387	0.0	0.016	0.418	0.447	0.537
53	0.0	0.121	0.455	0.484	0.625
336	0.0	0.019	0.426	0.458	0.577
326	0.0	0.306	0.442	0.472	0.515
277	0.0	0.018	0.427	0.474	0.529
456	0.0	0.0	0.372	0.419	0.462
726	0.0	0.019	0.384	0.417	0.5
248	0.0	0.0	0.388	0.429	0.512
551	0.0	0.01	0.391	0.44	0.475
406	0.0	0.009	0.4	0.439	0.488
868	0.0	0.432	0.487	0.528	0.594
79	0.0	0.0	0.327	0.365	0.405
693	0.0	0.0	0.275	0.312	0.351
898	0.0	0.02	0.29	0.324	0.364
225	0.0	0.0	0.378	0.4	0.5
54	0.0	0.018	0.413	0.444	0.553
682	0.0	0.463	0.518	0.537	0.611
516	0.0	0.028	0.478	0.5	0.564
122	0.0	0.016	0.412	0.475	0.514
291	0.0	0.0	0.398	0.431	0.514
595	0.0	0.017	0.365	0.404	0.5
740	0.0	0.358	0.447	0.493	0.615
791	0.0	0.0	0.325	0.351	0.419
125	0.0	0.471	0.507	0.549	0.613
182	0.0	0.034	0.419	0.465	0.576
867	0.0	0.015	0.391	0.416	0.528
185	0.0	0.046	0.434	0.465	0.571
347	0.0	0.0	0.364	0.409	0.5
223	0.0	0.148	0.296	0.375	0.526
639	0.0	0.004	0.019	0.205	0.29
914	0.0	0.0	0.51	0.542	0.591
129	0.0	0.13	0.531	0.562	0.614
452	0.0	0.019	0.5	0.527	0.578
706	0.0	0.016	0.417	0.456	0.5
93	0.0	0.0	0.128	0.281	0.364
529	0.0	0.0	0.02	0.256	0.333
41	0.0	0.5	0.529	0.565	0.622
339	0.0	0.245	0.509	0.546	0.596
455	0.0	0.432	0.488	0.525	0.583
649	0.0	0.017	0.429	0.456	0.488
747	0.0	0.474	0.507	0.538	0.571
795	0.0	0.019	0.457	0.5	0.568
801	0.0	0.014	0.265	0.316	0.4
767	0.0	0.0	0.347	0.387	0.447
85	0.0	0.527	0.567	0.607	0.654
116	0.0	0.017	0.444	0.479	0.567
409	0.0	0.0	0.342	0.378	0.424
697	0.0	0.436	0.514	0.559	0.581
329	0.0	0.0	0.386	0.415	0.45
45	0.0	0.298	0.462	0.491	0.541
983	0.0	0.036	0.442	0.476	0.553
67	0.0	0.015	0.359	0.386	0.45
924	0.0	0.216	0.457	0.494	0.538
20	0.0	0.024	0.519	0.551	0.6
773	0.0	0.034	0.494	0.52	0.561
226	0.0	0.007	0.315	0.359	0.395
418	0.0	0.019	0.471	0.5	0.607
447	0.0	0.018	0.381	0.414	0.484
36	0.0	0.0	0.424	0.457	0.552
704	0.0	0.007	0.298	0.352	0.387
285	0.0	0.015	0.482	0.51	0.571
820	0.0	0.496	0.537	0.57	0.667
963	0.0	0.015	0.413	0.447	0.556
233	0.0	0.385	0.456	0.505	0.556
401	0.0	0.017	0.449	0.503	0.585
925	0.0	0.473	0.542	0.565	0.628
920	0.0	0.033	0.395	0.422	0.5
637	0.0	0.018	0.37	0.413	0.5
889	0.0	0.013	0.03	0.295	0.357
130	0.0	0.344	0.5	0.52	0.565
919	0.0	0.257	0.509	0.553	0.596
860	0.0	0.031	0.479	0.512	0.561
78	0.0	0.0	0.389	0.429	0.483
47	0.0	0.473	0.542	0.565	0.659
850	0.0	0.356	0.394	0.422	0.467
979	0.0	0.41	0.471	0.5	0.567
635	0.0	0.51	0.54	0.581	0.636
355	0.0	0.015	0.51	0.54	0.587
412	0.0	0.019	0.341	0.381	0.447
109	0.0	0.016	0.42	0.467	0.59
26	0.0	0.0	0.393	0.433	0.486
717	0.0	0.018	0.386	0.437	0.486
809	0.0	0.012	0.333	0.39	0.5
414	0.0	0.028	0.461	0.49	0.533
367	0.0	0.041	0.472	0.5	0.542
458	0.0	0.027	0.429	0.478	0.526
519	0.0	0.019	0.429	0.472	0.531
59	0.0	0.018	0.393	0.425	0.486
113	0.0	0.015	0.362	0.391	0.439
212	0.0	0.026	0.51	0.54	0.587
514	0.0	0.004	0.426	0.469	0.558
528	0.0	0.52	0.571	0.593	0.651
986	0.0	0.0	0.262	0.333	0.368
517	0.0	0.018	0.342	0.367	0.429
581	0.0	0.02	0.339	0.382	0.419
989	0.0	0.004	0.368	0.435	0.459
155	0.0	0.008	0.357	0.408	0.471
828	0.0	0.432	0.5	0.528	0.571
43	0.0	0.447	0.5	0.535	0.605
253	0.0	0.026	0.429	0.457	0.513
525	0.0	0.112	0.443	0.486	0.548
998	0.0	0.005	0.315	0.353	0.414
842	0.0	0.409	0.471	0.524	0.562
245	0.0	0.017	0.449	0.489	0.585
317	0.0	0.004	0.33	0.37	0.425
758	0.0	0.0	0.383	0.432	0.5
224	0.0	0.497	0.537	0.582	0.667
301	0.0	0.45	0.495	0.537	0.611
764	0.0	0.51	0.54	0.56	0.619
46	0.0	0.014	0.404	0.439	0.526
815	0.0	0.0	0.262	0.299	0.389
762	0.0	0.0	0.4	0.438	0.49
879	0.0	0.117	0.49	0.536	0.585
930	0.0	0.0	0.375	0.425	0.5
587	0.0	0.022	0.427	0.447	0.486
753	0.0	0.477	0.5	0.55	0.629
358	0.0	0.159	0.382	0.413	0.5
766	0.0	0.433	0.487	0.524	0.606
428	0.0	0.015	0.429	0.478	0.537
710	0.0	0.0	0.026	0.239	0.269
823	0.0	0.305	0.451	0.476	0.515
92	0.0	0.0	0.368	0.397	0.444
761	0.0	0.007	0.386	0.422	0.475
68	0.0	0.0	0.333	0.353	0.433
138	0.0	0.008	0.306	0.324	0.4
443	0.0	0.015	0.42	0.445	0.5
466	0.0	0.0	0.155	0.333	0.389
305	0.0	0.0	0.356	0.394	0.447
597	0.0	0.017	0.396	0.431	0.5
272	0.0	0.01	0.293	0.364	0.444
198	0.0	0.032	0.476	0.5	0.537
369	0.0	0.354	0.517	0.548	0.61
98	0.0	0.0	0.388	0.427	0.475
431	0.0	0.032	0.442	0.476	0.579
890	0.0	0.017	0.294	0.365	0.419
304	0.0	0.553	0.579	0.636	0.71
536	0.0	0.02	0.5	0.548	0.611
669	0.0	0.017	0.411	0.463	0.556
87	0.0	0.446	0.525	0.579	0.647
538	0.0	0.456	0.548	0.588	0.667
956	0.0	0.015	0.341	0.395	0.459
359	0.0	0.224	0.45	0.514	0.559
400	0.0	0.02	0.405	0.444	0.5
769	0.0	0.017	0.395	0.439	0.486
603	0.0	0.004	0.378	0.417	0.483
386	0.0	0.016	0.34	0.381	0.444
834	0.0	0.428	0.487	0.53	0.621
7	0.0	0.025	0.366	0.39	0.472
624	0.0	0.018	0.398	0.43	0.526
662	0.0	0.034	0.419	0.462	0.528
42	0.0	0.016	0.372	0.409	0.5
627	0.0	0.018	0.392	0.429	0.536
933	0.0	0.017	0.028	0.192	0.281
665	0.0	0.024	0.438	0.489	0.548
844	0.0	0.004	0.144	0.302	0.4
708	0.0	0.017	0.318	0.371	0.436
626	0.0	0.019	0.364	0.429	0.543
469	0.0	0.011	0.343	0.365	0.438
495	0.0	0.019	0.343	0.375	0.455
944	0.0	0.018	0.371	0.406	0.452
721	0.0	0.39	0.439	0.5	0.556
945	0.0	0.016	0.318	0.385	0.417
990	0.0	0.0	0.353	0.406	0.452
144	0.0	0.0	0.281	0.328	0.4
146	0.0	0.51	0.558	0.591	0.65
316	0.0	0.018	0.444	0.477	0.535
589	0.0	0.467	0.512	0.558	0.622
14	0.0	0.023	0.441	0.479	0.567
258	0.0	0.028	0.421	0.462	0.526
790	0.0	0.495	0.554	0.587	0.651
648	0.0	0.014	0.426	0.458	0.577
323	0.0	0.0	0.021	0.239	0.355
33	0.0	0.017	0.375	0.421	0.487
215	0.0	0.02	0.294	0.323	0.435
903	0.0	0.098	0.384	0.44	0.464
696	0.0	0.017	0.361	0.395	0.485
780	0.0	0.0	0.375	0.427	0.471
429	0.0	0.0	0.354	0.4	0.45
28	0.0	0.36	0.524	0.563	0.617
869	0.0	0.008	0.37	0.405	0.436
961	0.0	0.004	0.299	0.342	0.405
179	0.0	0.018	0.369	0.417	0.483
318	0.0	0.0	0.381	0.425	0.486
230	0.0	0.014	0.42	0.475	0.533
557	0.0	0.442	0.472	0.511	0.567
194	0.0	0.0	0.021	0.207	0.29
798	0.0	0.0	0.365	0.419	0.444
966	0.0	0.021	0.325	0.365	0.424
188	0.0	0.032	0.465	0.5	0.564
444	0.0	0.0	0.177	0.248	0.308
334	0.0	0.0	0.4	0.452	0.541
778	0.0	0.421	0.444	0.5	0.613
256	0.0	0.011	0.342	0.373	0.429
858	0.0	0.02	0.42	0.455	0.533
70	0.0	0.015	0.022	0.3	0.394
159	0.0	0.017	0.433	0.467	0.561
737	0.0	0.46	0.514	0.555	0.621
802	0.0	0.017	0.388	0.413	0.465
750	0.0	0.52	0.566	0.601	0.667
832	0.0	0.022	0.461	0.497	0.537
13	0.0	0.016	0.477	0.512	0.579
51	0.0	0.019	0.39	0.437	0.515
345	0.0	0.015	0.333	0.37	0.432
496	0.0	0.0	0.273	0.349	0.405
615	0.0	0.038	0.409	0.451	0.571
912	0.0	0.013	0.489	0.52	0.61
73	0.0	0.45	0.514	0.545	0.621
629	0.0	0.017	0.413	0.462	0.514
876	0.0	0.018	0.432	0.453	0.548
895	0.0	0.018	0.412	0.425	0.516
361	0.0	0.415	0.472	0.5	0.568
9	0.0	0.021	0.481	0.505	0.562
176	0.0	0.019	0.37	0.414	0.5
162	0.0	0.035	0.415	0.459	0.529
19	0.0	0.005	0.412	0.448	0.56
899	0.0	0.11	0.439	0.486	0.515
189	0.0	0.35	0.526	0.554	0.605
552	0.0	0.02	0.273	0.323	0.393
268	0.0	0.403	0.469	0.5	0.567
515	0.0	0.004	0.289	0.339	0.429
866	0.0	0.0	0.333	0.375	0.444
804	0.0	0.0	0.314	0.333	0.414
242	0.0	0.018	0.341	0.378	0.444
973	0.0	0.013	0.328	0.386	0.48
231	0.0	0.0	0.359	0.392	0.433
789	0.0	0.016	0.161	0.321	0.382
192	0.0	0.016	0.398	0.447	0.528
32	0.0	0.016	0.341	0.39	0.457
95	0.0	0.11	0.477	0.513	0.579
630	0.0	0.462	0.533	0.548	0.632
380	0.0	0.038	0.372	0.412	0.529
799	0.0	0.0	0.333	0.382	0.452
687	0.0	0.102	0.391	0.464	0.556
218	0.0	0.294	0.438	0.486	0.586
700	0.0	0.349	0.406	0.441	0.593
166	0.0	0.438	0.526	0.55	0.625
952	0.0	0.017	0.314	0.358	0.394
579	0.0	0.004	0.393	0.436	0.514
229	0.0	0.04	0.328	0.382	0.419
923	0.0	0.008	0.44	0.468	0.561
910	0.0	0.0	0.324	0.368	0.424
201	0.0	0.012	0.418	0.447	0.538
394	0.0	0.016	0.349	0.421	0.472
818	0.0	0.017	0.385	0.429	0.484
554	0.0	0.032	0.432	0.474	0.541
807	0.0	0.442	0.5	0.541	0.594
600	0.0	0.016	0.386	0.427	0.474
484	0.0	0.015	0.359	0.403	0.487
877	0.0	0.3	0.389	0.412	0.536
520	0.0	0.016	0.5	0.529	0.574
625	0.0	0.008	0.405	0.445	0.541
449	0.0	0.019	0.455	0.5	0.528
941	0.0	0.011	0.358	0.408	0.452
184	0.0	0.51	0.534	0.566	0.619
577	0.0	0.023	0.333	0.378	0.441
407	0.0	0.015	0.449	0.5	0.59
582	0.0	0.0	0.3	0.359	0.389
392	0.0	0.452	0.5	0.547	0.621
134	0.0	0.017	0.396	0.438	0.478
342	0.0	0.017	0.346	0.401	0.438
567	0.0	0.019	0.45	0.465	0.606
37	0.0	0.0	0.298	0.349	0.429
638	0.0	0.029	0.417	0.456	0.593
692	0.0	0.004	0.385	0.431	0.514
819	0.0	0.422	0.524	0.564	0.657
644	0.0	0.021	0.343	0.364	0.448
821	0.0	0.0	0.333	0.353	0.433
437	0.0	0.241	0.51	0.549	0.596
725	0.0	0.018	0.444	0.476	0.55
2	0.0	0.449	0.5	0.547	0.677
988	0.0	0.019	0.4	0.429	0.5
531	0.0	0.018	0.347	0.382	0.459
249	0.0	0.014	0.466	0.489	0.55
947	0.0	0.025	0.382	0.419	0.5
980	0.0	0.0	0.244	0.318	0.353
891	0.0	0.017	0.377	0.429	0.487
729	0.0	0.015	0.482	0.519	0.571
311	0.0	0.137	0.474	0.52	0.615
838	0.0	0.0	0.212	0.296	0.379
158	0.0	0.12	0.443	0.483	0.548
142	0.0	0.0	0.389	0.429	0.5
493	0.0	0.113	0.464	0.513	0.553
97	0.0	0.016	0.444	0.483	0.524
490	0.0	0.0	0.372	0.419	0.514
784	0.0	0.008	0.354	0.4	0.459
814	0.0	0.0	0.436	0.48	0.562
939	0.0	0.0	0.179	0.229	0.308
35	0.0	0.0	0.346	0.375	0.415
955	0.0	0.307	0.489	0.524	0.611
175	0.0	0.013	0.482	0.518	0.6
576	0.0	0.25	0.344	0.379	0.458
290	0.0	0.0	0.362	0.402	0.486
427	0.0	0.005	0.408	0.432	0.516
950	0.0	0.035	0.46	0.51	0.571
252	0.0	0.015	0.383	0.419	0.468
878	0.0	0.0	0.289	0.342	0.364
17	0.0	0.0	0.439	0.481	0.523
775	0.0	0.037	0.384	0.421	0.5
173	0.0	0.016	0.409	0.447	0.5
781	0.0	0.019	0.436	0.472	0.548
604	0.0	0.0	0.324	0.382	0.424
425	0.0	0.467	0.537	0.583	0.71
839	0.0	0.223	0.488	0.525	0.579
777	0.0	0.413	0.467	0.5	0.553
946	0.0	0.018	0.477	0.512	0.568
474	0.0	0.018	0.427	0.477	0.538
894	0.0	0.0	0.435	0.475	0.541
152	0.0	0.029	0.471	0.515	0.607
614	0.0	0.0	0.417	0.447	0.531
135	0.0	0.0	0.018	0.256	0.308
906	0.0	0.015	0.432	0.474	0.529
432	0.0	0.019	0.375	0.415	0.487
565	0.0	0.519	0.545	0.564	0.688
86	0.0	0.038	0.455	0.5	0.556
545	0.0	0.016	0.286	0.325	0.382
730	0.0	0.0	0.256	0.308	0.371
200	0.0	0.016	0.367	0.41	0.5
897	0.0	0.033	0.4	0.439	0.515
165	0.0	0.131	0.488	0.513	0.605
547	0.0	0.02	0.42	0.485	0.533
150	0.0	0.0	0.415	0.463	0.526
845	0.0	0.028	0.443	0.487	0.529
555	0.0	0.016	0.388	0.435	0.475
397	0.0	0.014	0.436	0.462	0.509
660	0.0	0.0	0.022	0.184	0.25
561	0.0	0.019	0.511	0.535	0.605
267	0.0	0.405	0.469	0.5	0.529
679	0.0	0.016	0.478	0.506	0.548
836	0.0	0.012	0.367	0.41	0.472
962	0.0	0.028	0.433	0.466	0.579
566	0.0	0.02	0.297	0.351	0.389
723	0.0	0.009	0.3	0.361	0.481
785	0.0	0.0	0.442	0.475	0.571
82	0.0	0.263	0.418	0.455	0.538
255	0.0	0.017	0.372	0.415	0.486
702	0.0	0.0	0.021	0.179	0.233
892	0.0	0.0	0.094	0.265	0.32
540	0.0	0.009	0.4	0.445	0.538
89	0.0	0.39	0.459	0.487	0.543
399	0.0	0.017	0.415	0.462	0.528
222	0.0	0.012	0.17	0.324	0.364
975	0.0	0.427	0.506	0.545	0.595
112	0.0	0.027	0.391	0.442	0.474
800	0.0	0.485	0.513	0.554	0.677
450	0.0	0.201	0.4	0.428	0.458
744	0.0	0.435	0.5	0.535	0.595
232	0.0	0.513	0.55	0.58	0.636
569	0.0	0.0	0.136	0.299	0.387
39	0.0	0.277	0.412	0.471	0.486
403	0.0	0.0	0.465	0.513	0.559
851	0.0	0.018	0.412	0.455	0.538
416	0.0	0.0	0.355	0.409	0.452
395	0.0	0.106	0.436	0.476	0.525
38	0.0	0.017	0.362	0.391	0.486
926	0.0	0.0	0.324	0.34	0.406
684	0.0	0.188	0.41	0.444	0.485
310	0.0	0.205	0.312	0.383	0.458
344	0.0	0.0	0.289	0.343	0.429
970	0.0	0.0	0.351	0.398	0.436
22	0.0	0.0	0.333	0.364	0.432
149	0.0	0.014	0.41	0.452	0.543
634	0.0	0.395	0.468	0.517	0.622
978	0.0	0.398	0.489	0.535	0.649
160	0.0	0.016	0.433	0.465	0.537
508	0.0	0.029	0.477	0.511	0.59
177	0.0	0.0	0.25	0.281	0.308
688	0.0	0.515	0.541	0.576	0.667
500	0.0	0.476	0.524	0.565	0.639
145	0.0	0.0	0.341	0.371	0.412
241	0.0	0.364	0.444	0.492	0.607
260	0.0	0.05	0.439	0.503	0.543
698	0.0	0.018	0.25	0.3	0.367
512	0.0	0.017	0.348	0.415	0.472
632	0.0	0.181	0.424	0.439	0.516
440	0.0	0.015	0.451	0.485	0.571
203	0.0	0.017	0.316	0.362	0.433
213	0.0	0.031	0.457	0.5	0.545
650	0.0	0.016	0.341	0.372	0.486
691	0.0	0.017	0.154	0.341	0.382
88	0.0	0.0	0.02	0.242	0.3
811	0.0	0.018	0.421	0.444	0.533
645	0.0	0.016	0.4	0.442	0.5
34	0.0	0.0	0.333	0.39	0.457
118	0.0	0.474	0.533	0.577	0.615
183	0.0	0.0	0.333	0.366	0.438
280	0.0	0.0	0.287	0.333	0.394
154	0.0	0.0	0.351	0.375	0.441
352	0.0	0.103	0.409	0.439	0.519
346	0.0	0.018	0.333	0.405	0.447
296	0.0	0.014	0.427	0.453	0.543
701	0.0	0.019	0.325	0.376	0.469
476	0.0	0.0	0.397	0.451	0.487
741	0.0	0.015	0.373	0.411	0.477
934	0.0	0.51	0.54	0.581	0.636
874	0.0	0.005	0.126	0.281	0.32
861	0.0	0.015	0.42	0.456	0.488
485	0.0	0.015	0.333	0.384	0.447
573	0.014	0.043	0.44	0.479	0.595
486	0.0	0.015	0.398	0.438	0.5
537	0.0	0.0	0.25	0.29	0.4
881	0.0	0.03	0.409	0.443	0.475
922	0.0	0.0	0.342	0.374	0.438
678	0.0	0.012	0.33	0.381	0.45
314	0.0	0.019	0.425	0.45	0.487
139	0.0	0.016	0.405	0.451	0.531
147	0.0	0.016	0.4	0.459	0.531
204	0.0	0.019	0.357	0.387	0.452
23	0.0	0.017	0.449	0.489	0.571
663	0.0	0.022	0.463	0.497	0.548
489	0.0	0.0	0.224	0.321	0.433
383	0.0	0.0	0.018	0.293	0.351
713	0.0	0.043	0.465	0.494	0.525
103	0.0	0.476	0.545	0.586	0.649
502	0.0	0.513	0.538	0.564	0.688
782	0.0	0.016	0.467	0.5	0.537
541	0.0	0.231	0.488	0.525	0.579
833	0.0	0.022	0.456	0.489	0.59
940	0.0	0.0	0.326	0.389	0.447
756	0.0	0.454	0.523	0.554	0.622
11	0.0	0.026	0.369	0.394	0.481
374	0.0	0.308	0.394	0.444	0.545
74	0.0	0.0	0.429	0.457	0.516
197	0.0	0.41	0.432	0.486	0.6
376	0.0	0.017	0.386	0.421	0.487
325	0.0	0.456	0.507	0.548	0.621
382	0.0	0.413	0.467	0.51	0.562
487	0.0	0.018	0.311	0.361	0.4
219	0.0	0.326	0.481	0.517	0.588
908	0.0	0.287	0.315	0.391	0.526
137	0.0	0.0	0.225	0.308	0.412
49	0.0	0.018	0.022	0.258	0.357
50	0.0	0.0	0.353	0.398	0.475
900	0.0	0.017	0.358	0.402	0.487
610	0.0	0.359	0.439	0.472	0.594
852	0.0	0.426	0.5	0.548	0.6
613	0.0	0.017	0.26	0.318	0.375
283	0.0	0.354	0.389	0.452	0.531
279	0.0	0.0	0.25	0.306	0.333
618	0.0	0.017	0.283	0.363	0.5
619	0.0	0.019	0.394	0.444	0.484
683	0.0	0.02	0.35	0.391	0.424
209	0.0	0.483	0.516	0.548	0.68
621	0.0	0.0	0.333	0.371	0.481
379	0.0	0.02	0.415	0.443	0.514
570	0.0	0.0	0.036	0.279	0.308
174	0.0	0.019	0.4	0.444	0.533
320	0.0	0.0	0.381	0.429	0.5
611	0.0	0.018	0.387	0.421	0.452
151	0.0	0.408	0.459	0.508	0.607
984	0.0	0.015	0.029	0.266	0.333
742	0.0	0.0	0.337	0.37	0.444
873	0.0	0.015	0.469	0.511	0.575
863	0.0	0.481	0.51	0.548	0.605
716	0.0	0.004	0.361	0.409	0.455
917	0.0	0.0	0.4	0.452	0.514
575	0.0	0.0	0.326	0.374	0.444
193	0.0	0.037	0.413	0.442	0.485
745	0.0	0.031	0.415	0.447	0.516
976	0.0	0.0	0.389	0.429	0.5
607	0.0	0.434	0.488	0.514	0.571
271	0.0	0.012	0.419	0.463	0.515
735	0.0	0.574	0.595	0.628	0.684
71	0.0	0.019	0.465	0.513	0.559
124	0.0	0.119	0.469	0.52	0.615
556	0.0	0.018	0.365	0.404	0.5
855	0.0	0.016	0.39	0.439	0.487
297	0.0	0.021	0.361	0.429	0.469
606	0.0	0.049	0.426	0.456	0.538
656	0.0	0.0	0.28	0.341	0.4
186	0.0	0.131	0.466	0.486	0.529
533	0.0	0.018	0.462	0.5	0.579
546	0.0	0.0	0.383	0.404	0.442
117	0.0	0.101	0.441	0.469	0.556
746	0.0	0.019	0.36	0.395	0.457
477	0.0	0.353	0.417	0.455	0.5
276	0.0	0.0	0.405	0.438	0.516
372	0.0	0.019	0.433	0.474	0.545
105	0.0	0.537	0.575	0.618	0.758
539	0.0	0.477	0.533	0.565	0.619
759	0.0	0.0	0.312	0.371	0.412
44	0.0	0.015	0.433	0.476	0.523
995	0.0	0.458	0.523	0.543	0.622
999	0.0	0.012	0.447	0.478	0.537
259	0.0	0.0	0.394	0.433	0.5
302	0.0	0.028	0.263	0.325	0.4
668	0.0	0.0	0.289	0.343	0.429
300	0.0	0.237	0.434	0.474	0.586
360	0.0	0.385	0.479	0.513	0.632
882	0.0	0.0	0.033	0.237	0.303
896	0.0	0.017	0.422	0.457	0.553
460	0.0	0.0	0.4	0.432	0.516
457	0.0	0.467	0.5	0.526	0.6
670	0.0	0.015	0.434	0.478	0.522
732	0.0	0.0	0.333	0.371	0.412
608	0.0	0.487	0.514	0.569	0.655
106	0.0	0.0	0.35	0.4	0.452
848	0.0	0.018	0.326	0.39	0.455
506	0.0	0.0	0.043	0.205	0.321
434	0.0	0.019	0.394	0.438	0.5
480	0.0	0.017	0.347	0.405	0.487
972	0.0	0.0	0.286	0.313	0.4
743	0.0	0.004	0.442	0.475	0.513
292	0.0	0.019	0.412	0.429	0.5
101	0.0	0.218	0.457	0.494	0.553
472	0.0	0.438	0.494	0.539	0.625
384	0.0	0.016	0.341	0.393	0.436
48	0.0	0.455	0.5	0.533	0.64
568	0.0	0.019	0.333	0.372	0.469
854	0.0	0.0	0.351	0.389	0.448
770	0.0	0.035	0.429	0.464	0.513
813	0.0	0.021	0.216	0.303	0.37
810	0.0	0.0	0.395	0.436	0.515
911	0.0	0.0	0.346	0.385	0.455
72	0.0	0.281	0.353	0.429	0.545
875	0.0	0.019	0.444	0.48	0.562
803	0.0	0.0	0.02	0.256	0.294
585	0.0	0.0	0.035	0.247	0.286
888	0.0	0.064	0.415	0.48	0.514
578	0.0	0.02	0.455	0.489	0.533
647	0.0	0.014	0.338	0.353	0.429
738	0.0	0.016	0.309	0.37	0.48
420	0.0	0.212	0.455	0.5	0.556
594	0.0	0.008	0.432	0.471	0.514
6	0.0	0.409	0.488	0.513	0.568
364	0.0	0.015	0.356	0.395	0.485
620	0.0	0.0	0.267	0.293	0.364
402	0.0	0.0	0.018	0.233	0.259
295	0.0	0.022	0.364	0.389	0.433
306	0.0	0.432	0.477	0.515	0.607
943	0.0	0.018	0.384	0.421	0.5
123	0.0	0.146	0.296	0.36	0.435
199	0.0	0.0	0.25	0.29	0.4
240	0.0	0.018	0.436	0.464	0.545
171	0.0	0.479	0.519	0.555	0.636
494	0.0	0.02	0.455	0.476	0.525
136	0.0	0.038	0.395	0.455	0.552
599	0.0	0.264	0.438	0.452	0.542
161	0.0	0.0	0.348	0.383	0.462
843	0.0	0.0	0.351	0.389	0.433
246	0.0	0.038	0.459	0.486	0.586
591	0.0	0.017	0.435	0.465	0.5
190	0.0	0.028	0.451	0.485	0.581
12	0.0	0.0	0.318	0.357	0.417
211	0.0	0.016	0.372	0.409	0.514
560	0.0	0.017	0.349	0.39	0.472
438	0.0	0.447	0.473	0.528	0.581
719	0.0	0.017	0.383	0.42	0.465
132	0.0	0.463	0.488	0.525	0.583
694	0.0	0.017	0.409	0.45	0.528
31	0.0	0.474	0.538	0.556	0.594
60	0.0	0.011	0.43	0.466	0.543
994	0.0	0.004	0.494	0.523	0.561
817	0.0	0.315	0.478	0.512	0.564
992	0.0	0.0	0.346	0.396	0.447
830	0.0	0.019	0.382	0.406	0.484
840	0.0	0.016	0.31	0.371	0.429
643	0.0	0.015	0.35	0.399	0.462
441	0.0	0.017	0.407	0.439	0.474
294	0.0	0.019	0.351	0.389	0.452
284	0.0	0.293	0.437	0.462	0.533
927	0.0	0.375	0.414	0.459	0.519
313	0.0	0.018	0.477	0.511	0.568
826	0.0	0.015	0.419	0.45	0.487
849	0.0	0.102	0.423	0.461	0.543
119	0.0	0.291	0.413	0.44	0.538
8	0.0	0.395	0.447	0.514	0.581
727	0.0	0.456	0.494	0.518	0.562
445	0.0	0.0	0.021	0.263	0.312
221	0.0	0.026	0.4	0.447	0.545
96	0.0	0.429	0.456	0.475	0.514
503	0.0	0.027	0.389	0.442	0.469
422	0.0	0.019	0.383	0.432	0.548
308	0.0	0.0	0.394	0.424	0.519
288	0.0	0.0	0.184	0.27	0.36
236	0.0	0.537	0.581	0.618	0.758
439	0.0	0.314	0.429	0.467	0.577
141	0.0	0.386	0.447	0.5	0.581
459	0.0	0.0	0.367	0.396	0.472
180	0.0	0.433	0.459	0.5	0.593
816	0.0	0.0	0.317	0.354	0.424
110	0.0	0.423	0.45	0.483	0.5
542	0.0	0.0	0.018	0.326	0.375
787	0.0	0.0	0.351	0.389	0.438
52	0.0	0.011	0.337	0.405	0.447
501	0.0	0.536	0.577	0.591	0.789
671	0.0	0.44	0.5	0.553	0.615
527	0.0	0.0	0.378	0.409	0.483
768	0.0	0.019	0.368	0.406	0.462
168	0.0	0.0	0.02	0.248	0.296
831	0.0	0.0	0.017	0.228	0.294
788	0.0	0.017	0.387	0.436	0.545
169	0.0	0.0	0.012	0.219	0.308
30	0.0	0.443	0.474	0.5	0.581
689	0.0	0.017	0.346	0.367	0.484
543	0.0	0.033	0.394	0.438	0.5
286	0.0	0.008	0.368	0.419	0.455
282	0.0	0.011	0.128	0.286	0.344
505	0.0	0.472	0.514	0.562	0.621
951	0.0	0.005	0.217	0.275	0.417
530	0.0	0.456	0.5	0.548	0.654
796	0.0	0.02	0.424	0.452	0.583
617	0.0	0.011	0.323	0.379	0.444
475	0.0	0.017	0.382	0.423	0.483
812	0.0	0.019	0.375	0.423	0.5
