0	2	8	29	58	74	81	91	147	152	160	183	184	187	191	196	275	302	313	318	327	345	353	363	381	391	392	399	405	428	430	449	453	454	464	473	486
1	3	5	22	34	39	47	49	69	75	94	96	102	103	123	125	139	158	168	170	174	201	202	221	226	231	232	233	239	252	255	256	260	263	265	296	301	306	307	315	317	329	336	346	370	390	402	407	408	409	411	417	434	435	443	447	466	467	472	476
4	6	12	23	51	63	67	68	73	83	92	113	133	135	142	146	148	149	161	167	172	178	182	186	199	200	219	236	240	249	262	266	268	269	273	282	285	290	293	295	310	331	340	361	377	379	395	396	400	401	423	424	425	445	468	488	489
7	11	19	25	26	41	52	56	66	87	95	98	99	115	124	132	134	136	143	156	157	159	192	208	210	216	243	245	248	250	264	287	291	292	316	323	325	364	371	373	418	441	452	457
9	14	15	17	33	40	57	60	70	77	85	86	106	109	110	112	114	116	117	121	131	141	166	169	171	176	177	195	213	217	238	241	244	246	253	254	267	270	274	276	284	288	289	311	322	326	328	344	356	367	410	426	429	436	438	444	448	456	463	470	480
10	30	32	42	59	62	79	89	107	111	120	130	137	173	181	190	204	205	207	225	227	277	280	283	286	312	337	354	358	368	374	384	388	403	420	432	446	461	469	481	483
13	16	20	53	61	72	76	82	84	97	101	108	118	126	128	145	151	155	164	189	194	198	203	215	220	222	234	237	257	279	298	299	300	303	319	320	332	342	347	348	355	365	372	378	398	404	412	422	427	433	437	439	451	455	460	477	478	482	485
18	50	104	129	150	153	162	163	193	242	294	335	351	360	419	440
21	28	37	44	45	46	48	55	65	71	80	119	138	140	165	175	197	206	209	224	229	235	258	261	272	324	333	334	349	359	375	382	386	387	393	394	421	442	450	462	471	474	475	479	484
24	27	31	35	36	38	43	54	64	78	88	90	93	100	105	122	127	144	154	179	180	185	188	211	212	214	218	223	228	230	247	251	259	271	278	281	297	304	305	308	309	314	321	330	338	339	341	343	350	352	357	362	366	369	376	380	383	385	389	397	406	413	414	415	416	431	458	459	465	487
